data/grids/anth/KMTORZ.asc
NCOLS 822 
NROWS 563 
XLLCORNER -58000 
YLLCORNER 5661000 
CELLSIZE 1000 
NODATA_value -9999 
[rows 322 to 367 of 563, columns 192 to 287 of 822]
14 15 16 16 17 18 19 19 20 21 22 23 24 25 25 26 27 28 29 30 31 32 32 31 30 29 28 27 26 25 25 24 23 22 21 20 19 19 18 17 16 16 15 14 14 13 13 12 12 11 11 11 11 11 11 11 12 12 13 13 14 14 14 13 12 11 11 10 9 8 7 6 6 5 4 4 4 4 4 5 6 6 6 6 6 7 7 8 8 9 10 11 12 11 10 9
13 14 15 16 16 17 18 19 20 21 21 22 23 24 25 26 27 28 29 30 31 32 32 31 30 29 28 27 26 25 24 23 22 21 21 20 19 18 17 16 16 15 14 13 13 12 12 11 11 10 10 10 10 10 10 10 11 11 12 12 13 13 13 13 12 11 10 9 8 8 7 6 5 4 4 3 3 3 4 4 5 5 5 5 5 6 6 7 8 9 9 10 11 11 10 9
13 13 14 15 16 17 17 18 19 20 21 22 23 24 25 26 27 28 28 29 30 31 31 30 29 28 28 27 26 25 24 23 22 21 20 19 18 17 17 16 15 14 13 13 12 11 11 10 10 9 9 9 9 9 9 9 10 10 11 11 12 13 13 12 11 10 9 9 8 7 6 5 4 4 3 2 2 2 3 4 4 4 4 4 4 5 6 6 7 8 9 10 11 11 10 9
12 13 14 14 15 16 17 18 19 20 21 22 22 23 24 25 26 27 28 29 30 31 31 30 29 28 27 26 25 24 23 22 22 21 20 19 18 17 16 15 14 14 13 12 11 11 10 9 9 9 8 8 8 8 8 9 9 9 10 11 11 12 13 12 11 10 9 8 7 6 6 5 4 3 2 1 1 1 2 3 4 3 3 3 4 4 5 6 7 8 9 9 10 11 11 10
11 12 13 14 15 16 17 17 18 19 20 21 22 23 24 25 26 27 28 29 30 31 31 30 29 28 27 26 25 24 23 22 21 20 19 18 17 17 16 15 14 13 12 11 11 10 9 9 8 8 7 7 7 7 7 8 8 9 9 10 11 11 12 11 10 9 9 8 7 6 5 4 4 3 2 1 0 1 2 3 3 2 2 2 3 4 4 5 6 7 8 9 10 11 11 10
11 12 13 13 14 15 16 17 18 19 20 21 22 23 24 25 26 27 28 29 30 31 31 30 29 28 27 26 25 24 23 22 21 20 19 18 17 16 15 14 13 13 12 11 10 9 8 8 7 7 6 6 6 6 6 7 7 8 8 9 10 11 12 11 10 9 8 7 6 5 4 4 3 2 1 1 0 1 2 3 2 1 1 1 2 3 4 5 6 7 8 9 10 11 12 11
10 11 12 13 14 15 16 17 18 19 20 21 22 23 24 25 25 26 27 28 29 30 30 29 28 27 26 25 25 24 23 22 21 20 19 18 17 16 15 14 13 12 11 10 9 9 8 7 6 6 5 5 5 5 5 6 6 7 8 9 9 10 11 11 10 9 8 7 6 5 4 3 2 1 1 0 1 1 2 3 2 1 0 1 2 3 4 5 6 7 8 9 10 11 12 11
10 11 12 13 14 15 16 16 17 18 19 20 21 22 23 24 25 26 27 28 29 30 30 29 28 27 26 25 24 23 22 21 20 19 18 17 16 16 15 14 13 12 11 10 9 8 7 6 6 5 4 4 4 4 4 5 6 6 7 8 9 10 11 11 10 9 8 7 6 5 4 3 2 1 0 0 0 1 2 3 2 1 1 1 2 3 4 5 6 7 8 9 10 11 12 12
9 10 11 12 13 14 15 16 17 18 19 20 21 22 23 24 25 26 27 28 29 30 30 29 28 27 26 25 24 23 22 21 20 19 18 17 16 15 14 13 12 11 10 9 9 8 7 6 5 4 4 3 3 3 4 4 5 6 7 8 9 9 10 11 10 9 8 7 6 5 4 3 2 1 1 1 0 1 2 3 3 2 2 2 3 4 4 5 6 7 8 9 10 11 12 13
9 10 11 12 13 14 15 16 17 18 19 20 21 22 23 24 25 26 27 28 29 30 30 29 28 27 26 25 24 23 22 21 20 19 18 17 16 15 14 13 12 11 10 9 8 7 6 5 4 4 3 2 2 2 3 4 4 5 6 7 8 9 10 11 10 9 8 7 6 5 4 4 3 2 2 1 1 1 2 3 4 3 3 3 4 4 5 6 7 8 9 9 10 11 12 13
9 10 11 12 13 14 15 16 17 18 19 20 21 22 23 24 25 26 27 28 29 29 30 29 28 27 26 25 24 23 22 21 20 19 18 17 16 15 14 13 12 11 10 9 8 7 6 5 4 3 2 1 1 1 2 3 4 5 6 7 8 9 10 11 10 9 9 8 7 6 5 4 4 3 3 2 2 2 3 4 4 4 4 4 4 5 6 6 7 8 9 10 11 12 13 14
9 10 11 12 13 14 15 16 17 18 19 20 21 22 23 24 25 26 27 27 28 28 29 29 28 27 26 25 24 23 22 21 20 19 18 17 16 15 14 13 12 11 10 9 8 7 6 5 4 3 2 1 0 1 2 3 4 5 6 7 8 9 10 11 11 10 9 8 7 6 6 5 4 4 4 3 3 3 4 4 5 5 5 5 5 6 6 7 8 9 9 10 11 12 13 14
9 10 11 12 13 14 15 16 17 18 19 20 21 22 23 24 25 25 26 26 27 27 28 28 28 27 26 25 24 23 22 21 20 19 18 17 16 15 14 13 12 11 10 9 8 7 6 5 4 3 2 1 1 1 2 3 4 5 6 7 8 9 10 11 11 10 9 9 8 7 6 6 5 5 4 4 4 4 4 5 6 6 6 6 6 7 7 8 8 9 10 11 12 13 13 14
9 10 11 12 13 14 15 16 17 18 19 20 21 22 23 24 24 25 25 25 26 26 27 27 28 27 26 25 24 23 22 21 20 19 18 17 16 15 14 13 12 11 10 9 8 7 6 5 4 4 3 2 2 2 3 4 4 5 6 7 8 9 10 11 12 11 10 9 8 8 7 7 6 6 5 5 5 5 5 6 6 7 7 7 7 8 8 9 9 10 11 11 12 13 14 15
9 10 11 12 13 14 15 16 17 18 19 20 21 22 22 23 23 24 24 25 25 26 26 27 27 27 26 25 24 23 22 21 20 19 18 17 16 15 14 13 12 11 10 9 9 8 7 6 5 4 4 3 3 3 4 4 5 6 7 8 9 9 10 11 12 11 11 10 9 9 8 8 7 7 6 6 6 6 6 7 7 8 8 8 8 9 9 9 10 11 11 12 13 14 14 15
9 10 11 12 13 14 15 16 17 18 19 20 21 21 22 22 22 23 23 24 24 25 25 26 26 27 26 25 24 23 22 21 20 19 18 17 16 16 15 14 13 12 11 10 9 8 7 6 6 5 4 4 4 4 4 5 6 6 7 8 9 10 11 12 13 12 11 11 10 9 9 9 8 8 7 7 7 7 7 8 8 9 9 9 9 9 10 10 11 11 12 13 13 14 15 16
10 11 12 13 14 15 16 16 17 18 19 20 20 20 21 21 21 22 22 23 23 24 24 25 26 26 26 25 25 24 23 22 21 20 19 18 17 16 15 14 13 12 11 10 9 9 8 7 6 6 5 5 5 5 5 6 6 7 8 9 9 10 11 12 13 13 12 11 11 10 10 9 9 9 8 8 8 8 8 9 9 9 10 10 10 10 11 11 12 12 13 13 14 15 16 16
10 11 12 13 14 15 16 17 18 18 18 19 19 19 20 20 21 21 21 22 22 23 24 24 25 25 26 26 25 24 23 22 21 20 19 18 17 16 15 14 13 13 12 11 10 9 8 8 7 7 6 6 6 6 6 7 7 8 8 9 10 11 12 13 13 13 13 12 12 11 11 10 10 9 9 9 9 9 9 9 10 10 11 11 11 11 12 12 13 13 14 14 15 16 16 17
11 12 13 13 14 15 16 16 17 17 17 18 18 18 19 19 20 20 21 21 22 22 23 23 24 25 25 26 25 24 23 22 21 20 19 18 17 17 16 15 14 13 12 11 11 10 9 9 8 8 7 7 7 7 7 8 8 9 9 10 11 11 12 13 14 14 14 13 13 12 12 11 11 10 10 10 10 10 10 10 11 11 12 12 12 12 13 13 13 14 14 15 16 16 17 18
11 12 13 14 15 15 15 16 16 16 16 17 17 17 18 18 19 19 20 20 21 21 22 23 23 24 25 25 25 24 23 22 22 21 20 19 18 17 16 15 14 14 13 12 11 11 10 9 9 9 8 8 8 8 8 9 9 9 10 11 11 12 13 14 14 15 14 14 13 13 13 12 12 11 11 11 11 11 11 11 12 12 13 13 13 13 14 14 14 15 15 16 16 17 18 18
12 13 14 14 14 14 14 15 15 15 16 16 16 17 17 17 18 18 19 19 20 21 21 22 23 23 24 25 26 25 24 23 22 21 20 19 18 17 17 16 15 14 13 13 12 11 11 10 10 9 9 9 9 9 9 9 10 10 11 11 12 13 13 14 15 16 15 15 14 14 13 13 13 12 12 12 12 12 12 12 13 13 13 14 14 14 15 15 15 16 16 17 17 18 18 19
13 13 13 13 13 13 13 14 14 14 15 15 15 16 16 17 17 17 18 19 19 20 21 21 22 23 23 24 25 25 24 23 22 21 21 20 19 18 17 16 16 15 14 13 13 12 12 11 11 10 10 10 10 10 10 10 11 11 12 12 13 13 14 15 16 16 16 16 15 15 14 14 14 13 13 13 13 13 13 13 14 14 14 15 15 15 16 16 16 17 17 17 18 19 19 20
12 12 12 12 12 12 12 13 13 13 14 14 14 15 15 16 16 17 17 18 18 19 20 21 21 22 23 24 24 25 25 24 23 22 21 20 19 19 18 17 16 16 15 14 14 13 13 12 12 11 11 11 11 11 11 11 12 12 13 13 14 14 15 16 16 17 17 17 16 16 15 15 15 14 14 14 14 14 14 14 15 15 15 16 16 16 16 17 17 17 18 18 19 19 20 20
11 11 11 11 11 11 11 12 12 12 13 13 13 14 14 15 15 16 16 17 18 18 19 20 21 21 22 23 24 25 25 24 23 22 22 21 20 19 18 18 17 16 16 15 14 14 13 13 13 12 12 12 12 12 12 12 13 13 13 14 14 15 16 16 17 18 18 17 17 17 16 16 16 15 15 15 15 15 15 15 16 16 16 17 17 17 17 18 18 18 19 19 20 20 20 19
10 10 10 10 10 10 10 11 11 11 12 12 13 13 13 14 14 15 16 16 17 18 18 19 20 21 22 22 23 24 25 25 24 23 22 21 21 20 19 18 18 17 16 16 15 15 14 14 14 13 13 13 13 13 13 13 14 14 14 15 15 16 16 17 18 18 19 18 18 17 17 17 16 16 16 16 16 16 16 16 16 17 17 17 18 18 18 19 19 19 20 20 21 21 20 19
9 9 9 9 9 9 9 10 10 10 11 11 12 12 13 13 14 14 15 16 16 17 18 19 19 20 21 22 23 24 25 25 24 24 23 22 21 21 20 19 18 18 17 17 16 16 15 15 15 14 14 14 14 14 14 14 15 15 15 16 16 17 17 18 18 19 20 19 19 18 18 18 17 17 17 17 17 17 17 17 17 18 18 18 19 19 19 20 20 20 21 21 21 20 19 18
9 8 8 8 8 8 9 9 9 9 10 10 11 11 12 12 13 13 14 15 16 16 17 18 19 20 21 21 22 23 24 25 25 24 23 23 22 21 21 20 19 19 18 17 17 17 16 16 16 15 15 15 15 15 15 15 16 16 16 17 17 17 18 19 19 20 21 20 20 19 19 19 18 18 18 18 18 18 18 18 18 19 19 19 20 20 20 20 20 20 20 20 20 20 19 18
8 7 7 7 7 7 8 8 8 9 9 9 10 10 11 11 12 13 13 14 15 16 17 17 18 19 20 21 22 23 24 25 26 25 24 23 23 22 21 21 20 19 19 18 18 17 17 17 16 16 16 16 16 16 16 16 16 17 17 17 18 18 19 19 20 21 21 21 21 20 20 20 19 19 19 19 19 19 19 19 19 20 20 20 20 20 19 19 19 19 19 19 19 19 18 17
7 6 6 6 6 6 7 7 7 8 8 9 9 9 10 11 11 12 13 14 14 15 16 17 18 19 20 21 22 22 23 24 25 25 25 24 23 23 22 21 21 20 20 19 19 18 18 18 17 17 17 17 17 17 17 17 17 18 18 18 19 19 20 20 21 21 22 22 22 21 21 21 20 20 20 20 20 20 20 20 20 20 20 19 19 19 18 18 18 18 18 18 18 18 18 17
6 5 5 5 5 5 6 6 6 7 7 8 8 9 9 10 11 11 12 13 14 15 16 17 17 18 19 20 21 22 23 24 25 24 24 23 23 22 22 22 22 21 21 20 20 19 19 19 18 18 18 18 18 18 18 18 18 19 19 19 20 20 21 21 22 22 23 23 22 22 22 22 21 21 21 21 21 21 21 20 20 19 19 18 18 18 17 17 17 17 17 17 17 17 17 17
5 4 4 4 4 4 5 5 5 6 6 7 7 8 8 9 10 11 12 13 13 14 15 16 17 18 19 20 21 22 23 24 24 23 23 22 22 22 21 21 21 20 20 20 20 20 20 20 19 19 19 19 19 19 19 19 19 20 20 20 21 21 21 22 22 23 24 24 23 23 23 23 22 22 22 22 21 21 20 19 19 18 18 17 17 17 16 16 16 16 16 16 16 16 16 16
4 4 3 3 3 4 4 4 4 5 5 6 6 7 8 9 9 10 11 12 13 14 15 16 17 18 19 20 21 22 23 24 23 22 22 21 21 21 20 20 20 19 19 19 19 19 19 19 19 19 19 20 20 20 20 20 20 21 21 21 22 22 22 23 23 24 24 25 24 24 24 24 23 23 22 21 21 20 19 19 18 17 17 17 16 16 16 15 15 15 15 15 15 15 16 16
4 3 2 2 2 3 3 3 4 4 4 5 6 6 7 8 9 10 11 12 13 14 15 16 16 17 18 19 20 21 22 23 22 22 21 21 20 20 19 19 19 18 18 18 18 18 18 18 18 18 18 19 19 19 20 20 21 21 22 22 22 23 23 24 24 25 25 26 25 25 24 24 23 22 21 21 20 19 18 18 17 17 16 16 15 15 15 14 14 14 14 14 14 14 15 15
3 2 1 1 1 2 2 2 3 3 4 4 5 6 7 8 9 9 10 11 12 13 14 15 16 17 18 19 20 21 22 22 21 21 20 20 19 19 18 18 18 17 17 17 17 17 17 17 17 17 17 18 18 18 19 19 20 20 21 21 22 23 23 24 25 25 26 26 25 25 24 23 22 21 21 20 19 18 18 17 16 16 15 15 14 14 14 13 13 13 13 13 13 13 14 14
3 2 1 0 1 1 1 1 2 2 3 4 4 5 6 7 8 9 10 11 12 13 14 15 16 17 18 19 20 21 22 21 21 20 19 19 18 18 17 17 17 16 16 16 16 16 16 16 16 16 16 17 17 17 18 18 19 19 20 21 21 22 23 23 24 25 26 25 24 24 23 22 22 21 20 19 18 18 17 16 16 15 14 14 13 13 13 12 12 12 12 12 12 12 13 13
3 2 1 1 0 1 0 1 1 1 2 3 4 5 6 7 8 9 10 11 12 13 14 15 16 17 18 19 20 21 21 21 20 19 19 18 17 17 17 16 16 16 15 15 15 15 15 15 15 15 16 16 16 17 17 17 18 19 19 20 21 21 22 23 23 24 25 24 24 23 22 22 21 20 19 19 18 17 16 16 15 14 14 13 13 12 12 11 11 11 11 11 11 11 12 12
4 3 2 1 1 0 0 1 0 1 2 3 4 5 6 7 8 9 10 11 12 13 14 15 16 17 18 19 20 21 21 20 19 18 18 17 17 16 16 15 15 15 14 14 14 14 14 14 14 14 15 15 15 16 16 17 17 18 18 19 20 21 21 22 23 24 24 23 23 22 22 21 21 20 19 18 17 16 16 15 14 13 13 12 12 11 11 10 10 10 10 10 10 10 11 11
4 3 2 1 0 1 1 1 1 1 2 3 4 5 6 7 8 9 10 11 12 13 14 15 16 17 18 19 20 21 20 19 18 18 17 16 16 15 15 14 14 14 13 13 13 13 13 13 13 13 14 14 14 15 15 16 16 17 18 18 19 20 21 21 22 23 23 23 22 21 21 20 20 19 18 17 17 16 15 14 13 13 12 11 11 10 10 9 9 9 9 9 9 9 10 10
4 3 2 1 1 1 2 2 2 2 3 4 4 5 6 7 8 9 10 11 12 13 14 15 16 17 18 19 20 20 19 18 18 17 16 16 15 14 14 13 13 13 12 12 12 12 12 12 12 12 13 13 13 14 14 15 16 16 17 18 18 19 20 21 22 22 23 22 21 21 20 19 19 18 18 17 16 15 14 14 13 12 11 11 10 9 9 9 8 8 8 8 8 9 9 9
4 4 3 2 2 2 3 3 3 3 4 4 5 6 7 8 9 9 10 11 12 13 14 15 16 17 18 19 20 19 19 18 17 16 16 15 14 14 13 13 12 12 11 11 11 11 11 11 11 11 12 12 13 13 14 14 15 16 16 17 18 19 19 20 21 22 22 21 21 20 19 19 18 17 17 17 16 15 14 13 12 11 11 10 9 9 8 8 7 7 7 7 7 8 8 9
5 4 4 3 3 3 4 4 4 4 4 5 6 6 7 8 9 10 11 12 13 14 15 16 16 17 18 19 20 19 18 17 16 16 15 14 13 13 12 12 11 11 10 10 10 10 10 10 10 10 11 11 12 12 13 13 14 15 16 16 17 18 19 20 21 21 21 21 20 19 18 18 17 17 16 16 15 14 13 13 12 11 10 9 8 8 7 7 6 6 6 6 6 7 7 8
6 5 4 4 4 4 4 5 5 5 5 6 6 7 8 9 9 10 11 12 13 14 15 16 17 18 19 20 19 18 17 17 16 15 14 13 13 12 11 11 10 10 9 9 9 9 9 9 9 9 10 10 11 11 12 13 13 14 15 16 17 17 18 19 20 21 21 20 19 18 18 17 16 16 15 15 14 14 13 12 11 10 9 9 8 7 6 6 5 5 5 5 5 6 6 7
6 6 5 5 5 5 5 6 6 6 6 7 7 8 8 9 10 11 12 13 13 14 15 16 17 18 19 20 19 18 17 16 15 14 14 13 12 11 11 10 9 9 9 8 8 8 8 8 8 9 9 9 10 11 11 12 13 14 14 15 16 17 18 19 20 21 20 19 18 18 17 16 16 15 14 14 13 13 13 12 11 10 9 8 7 6 6 5 4 4 4 4 4 5 6 6
7 7 6 6 6 6 6 7 7 7 7 8 8 9 9 10 11 11 12 13 14 15 16 17 17 18 19 19 18 17 17 16 15 14 13 12 11 11 10 9 9 8 8 7 7 7 7 7 7 8 8 9 9 10 11 11 12 13 14 15 16 17 17 18 19 20 19 19 18 17 16 16 15 14 14 13 13 12 12 11 10 9 9 8 7 6 5 4 4 3 3 3 4 4 5 6
8 8 7 7 7 7 7 8 8 8 8 9 9 9 10 11 11 12 13 14 14 15 16 17 18 19 20 19 18 17 16 15 14 13 13 12 11 10 9 8 8 7 7 6 6 6 6 6 6 7 7 8 8 9 10 11 12 13 13 14 15 16 17 18 19 20 19 18 17 16 16 15 14 13 13 12 12 11 11 10 10 9 8 7 6 5 4 4 3 2 2 2 3 4 4 5
9 9 8 8 8 8 8 9 9 9 9 9 10 10 11 11 12 13 13 14 15 16 17 17 18 19 20 19 18 17 16 15 14 13 12 11 10 9 9 8 7 6 6 5 5 5 5 5 5 6 6 7 8 9 9 10 11 12 13 14 15 16 17 18 19 19 18 17 17 16 15 14 13 13 12 11 11 10 10 9 9 9 8 7 6 5 4 3 2 1 1 1 2 3 4 4
