data/grids/anth/KMTOHWY.asc
NCOLS 822 
NROWS 563 
XLLCORNER -58000 
YLLCORNER 5661000 
CELLSIZE 1000 
NODATA_value -9999 
[rows 390 to 415 of 563, columns 696 to 753 of 822]
6.32455539703369 6.08276271820068 6 6.08276271820068 6 6 6.08276271820068 6.32455539703369 6.70820379257202 7.21110248565674 7.61577320098877 7.28010988235474 7.07106781005859 6.70820379257202 6.32455539703369 5.83095169067383 5 4.24264049530029 3.60555124282837 3.16227769851685 2.82842707633972 2.2360680103302 2 1.41421353816986 1 0 0 0 0 1 1.41421353816986 2.2360680103302 3.16227769851685 4.12310552597046 4.12310552597046 4 4 4 4.12310552597046 4.4721360206604 5 5.38516473770142 5.83095169067383 6.32455539703369 6.70820379257202 6.70820379257202 6.32455539703369 6.08276271820068 6 6.08276271820068 6 6 6.08276271820068 6.08276271820068 6 6 6.08276271820068 6
5.38516473770142 5.0990195274353 5 5.0990195274353 5 5 5.0990195274353 5.38516473770142 5.83095169067383 6.40312433242798 6.70820379257202 6.32455539703369 6.08276271820068 5.83095169067383 5.38516473770142 5 4.4721360206604 3.60555124282837 2.82842707633972 2.2360680103302 2 1.41421353816986 1 1 0 0 0 1 1 1.41421353816986 2.2360680103302 2.82842707633972 3.60555124282837 4.4721360206604 5.0990195274353 5 5 5 5.0990195274353 5.38516473770142 5.83095169067383 6.32455539703369 6.70820379257202 7.21110248565674 7.61577320098877 7.61577320098877 7.28010988235474 7.07106781005859 7 7.07106781005859 7 7 7.07106781005859 7.07106781005859 7 7 7.07106781005859 7
4.4721360206604 4.12310552597046 4 4.12310552597046 4 4 4.12310552597046 4.4721360206604 5 5.65685415267944 5.83095169067383 5.38516473770142 5.0990195274353 5 4.4721360206604 4.12310552597046 3.60555124282837 3.16227769851685 2.2360680103302 1.41421353816986 1 1 0 0 0 1 1 1.41421353816986 2 2.2360680103302 2.82842707633972 3.60555124282837 4.24264049530029 5 5.83095169067383 6 6 6 6.08276271820068 6.32455539703369 6.70820379257202 7.21110248565674 7.61577320098877 8.06225776672363 8.5440034866333 8.5440034866333 8.24621105194092 8.06225776672363 8 8.06225776672363 8 8 8.06225776672363 8.06225776672363 8 8 8.06225776672363 8
3.60555124282837 3.16227769851685 3 3.16227769851685 3 3 3.16227769851685 3.60555124282837 4.24264049530029 5 5 4.4721360206604 4.12310552597046 4 3.60555124282837 3.16227769851685 2.82842707633972 2.2360680103302 2 1 0 0 1 1 1 1.41421353816986 2 2.2360680103302 2.82842707633972 3.16227769851685 3.60555124282837 4.24264049530029 5 5.65685415267944 6.40312433242798 7 7 7 7.07106781005859 7.28010988235474 7.61577320098877 8.06225776672363 8.5440034866333 8.9442720413208 9.43398094177246 9.48683261871338 9.21954441070557 9.05538558959961 9 9.05538558959961 9 9 9.05538558959961 9.05538558959961 9 9 9.05538558959961 9
2.82842707633972 2.2360680103302 2 2.2360680103302 2 2 2.2360680103302 2.82842707633972 3.60555124282837 4.12310552597046 4 3.60555124282837 3.16227769851685 3 2.82842707633972 2.2360680103302 2 1.41421353816986 1 1 0 1 1.41421353816986 2 2 2.2360680103302 2.82842707633972 3.16227769851685 3.60555124282837 4.12310552597046 4.4721360206604 5 5.65685415267944 6.40312433242798 7.07106781005859 7.81024980545044 8 8 8.06225776672363 8.24621105194092 8.5440034866333 8.9442720413208 9.43398094177246 9.84885787963867 10.2956304550171 10.4403066635132 10.1980390548706 10.0498752593994 10 10.0498752593994 10 10 10.0498752593994 10.0498752593994 10 10 10.0498752593994 10
2.2360680103302 1.41421353816986 1 1.41421353816986 1 1 1.41421353816986 2.2360680103302 2.82842707633972 3.16227769851685 3 2.82842707633972 2.2360680103302 2 2 1.41421353816986 1 1 0 0 1 1.41421353816986 2.2360680103302 2.82842707633972 3 3.16227769851685 3.60555124282837 4.12310552597046 4.4721360206604 5 5.38516473770142 5.83095169067383 6.40312433242798 7.07106781005859 7.81024980545044 8.48528099060059 9 9 9.05538558959961 9.21954441070557 9.48683261871338 9.84885787963867 10.2956304550171 10.7703294754028 11.1803398132324 11.4017543792725 11.1803398132324 11.0453605651855 11 11.0453605651855 11 11 11.0453605651855 11.0453605651855 11 11 11.0453605651855 11
1.41421353816986 1 0 1 0 0 1 1.41421353816986 2.2360680103302 2.2360680103302 2 2 1.41421353816986 1 1 1 0 0 1 1 1.41421353816986 2.2360680103302 2.82842707633972 3.60555124282837 4 4.12310552597046 4.4721360206604 5 5.38516473770142 5.83095169067383 6.32455539703369 6.70820379257202 7.21110248565674 7.81024980545044 8.48528099060059 9.21954441070557 9.89949512481689 10 10.0498752593994 10.1980390548706 10.4403066635132 10.7703294754028 11.1803398132324 11.6619033813477 12.0830459594727 12.3693170547485 12.1655254364014 12.0415945053101 12 12.0415945053101 12 12 12.0415945053101 12.0415945053101 12 12 12.0415945053101 12
1 0 0 0 0 1 0 1 1.41421353816986 1.41421353816986 1 1 1 0 0 0 0 1 1.41421353816986 2 2.2360680103302 2.82842707633972 3.60555124282837 4.24264049530029 5 5.0990195274353 5.38516473770142 5.83095169067383 6.32455539703369 6.70820379257202 7.21110248565674 7.61577320098877 8.06225776672363 8.60232543945312 9.21954441070557 9.89949512481689 10.6301460266113 11 11.0453605651855 11.1803398132324 11.4017543792725 11.7046995162964 12.0830459594727 12.5299644470215 13 13.34166431427 13.152946472168 13.0384044647217 13 13.0384044647217 13 13 13.0384044647217 13.0384044647217 13 13 13.0384044647217 13
0 0 1 0 1 1.41421353816986 1 0 1 1 0 0 0 0 1 1 1 1.41421353816986 2.2360680103302 2.82842707633972 3.16227769851685 3.60555124282837 4.24264049530029 5 5.65685415267944 6.08276271820068 6.32455539703369 6.70820379257202 7.21110248565674 7.61577320098877 8.06225776672363 8.5440034866333 8.9442720413208 9.43398094177246 10 10.6301460266113 11.3137083053589 12 12.0415945053101 12.1655254364014 12.3693170547485 12.6491107940674 13 13.416407585144 13.8924436569214 14.3178215026855 14.1421356201172 14.0356683731079 14 14.0356683731079 14 14 14.0356683731079 14.0356683731079 14 14 14.0356683731079 14
1 1 1.41421353816986 1 1.41421353816986 2.2360680103302 1.41421353816986 1 0 0 1 0 1 1 1.41421353816986 2 2 2.2360680103302 2.82842707633972 3.60555124282837 4.12310552597046 4.4721360206604 5 5.65685415267944 6.40312433242798 7.07106781005859 7.28010988235474 7.61577320098877 8.06225776672363 8.5440034866333 8.9442720413208 9.43398094177246 9.84885787963867 10.2956304550171 10.8166542053223 11.4017543792725 12.0415945053101 12.7279224395752 13.0384044647217 13.152946472168 13.34166431427 13.6014709472656 13.9283885955811 14.3178215026855 14.7648229598999 15.2643375396729 15.1327457427979 15.033296585083 15 15.033296585083 15 15 15.033296585083 15.033296585083 15 15 15.033296585083 15
2 2 2.2360680103302 2 2.2360680103302 2.82842707633972 2.2360680103302 1.41421353816986 1 1 1.41421353816986 1 1.41421353816986 2 2.2360680103302 2.82842707633972 3 3.16227769851685 3.60555124282837 4.24264049530029 5 5.38516473770142 5.83095169067383 6.40312433242798 7.07106781005859 7.81024980545044 8.24621105194092 8.5440034866333 8.9442720413208 9.43398094177246 9.84885787963867 10.2956304550171 10.7703294754028 11.1803398132324 11.6619033813477 12.2065553665161 12.806248664856 13.4536237716675 14.0356683731079 14.1421356201172 14.3178215026855 14.5602197647095 14.8660688400269 15.2315464019775 15.65247631073 16.1245155334473 16.1245155334473 16.0312194824219 16 16.0312194824219 16 16 16.0312194824219 16.0312194824219 16 16 16.0312194824219 16
3 3 3.16227769851685 3 3.16227769851685 3.60555124282837 2.82842707633972 2.2360680103302 2 2 2.2360680103302 2 2.2360680103302 2.82842707633972 3.16227769851685 3.60555124282837 4 4.12310552597046 4.4721360206604 5 5.65685415267944 6.32455539703369 6.70820379257202 7.21110248565674 7.81024980545044 8.48528099060059 9.21954441070557 9.48683261871338 9.84885787963867 10.2956304550171 10.7703294754028 11.1803398132324 11.6619033813477 12.0830459594727 12.5299644470215 13.0384044647217 13.6014709472656 14.2126703262329 14.8660688400269 15.1327457427979 15.2970581054688 15.5241746902466 15.8113880157471 16.1554946899414 16.5529460906982 17 17.1172428131104 17.0293865203857 17 17.0293865203857 17 17 17.0293865203857 17.0293865203857 17 17 17.0293865203857 17
4 4 4.12310552597046 4 4.12310552597046 4.24264049530029 3.60555124282837 3.16227769851685 3 3 3.16227769851685 3 3.16227769851685 3.60555124282837 4.12310552597046 4.4721360206604 5 5.0990195274353 5.38516473770142 5.83095169067383 6.40312433242798 7.07106781005859 7.61577320098877 8.06225776672363 8.60232543945312 9.21954441070557 9.89949512481689 10.4403066635132 10.7703294754028 11.1803398132324 11.6619033813477 12.0830459594727 12.5299644470215 13 13.416407585144 13.8924436569214 14.4222049713135 15 15.6204996109009 16.1245155334473 16.2788200378418 16.4924221038818 16.763053894043 17.0880069732666 17.4642486572266 17.8885440826416 18.1107711791992 18.0277557373047 18 18.0277557373047 18 18 18.0277557373047 18.0277557373047 18 18 18.0277557373047 18
5 5 5.0990195274353 5 5.0990195274353 5 4.4721360206604 4.12310552597046 4 4 4.12310552597046 4 4.12310552597046 4.4721360206604 5 5.38516473770142 5.83095169067383 6.08276271820068 6.32455539703369 6.70820379257202 7.21110248565674 7.81024980545044 8.48528099060059 8.9442720413208 9.43398094177246 10 10.6301460266113 11.3137083053589 11.7046995162964 12.0830459594727 12.5299644470215 13 13.416407585144 13.8924436569214 14.3178215026855 14.7648229598999 15.2643375396729 15.8113880157471 16.4012203216553 17.0293865203857 17.2626762390137 17.4642486572266 17.7200450897217 18.0277557373047 18.3847770690918 18.788293838501 19.1049728393555 19.0262985229492 19 19.0262985229492 19 19 19.0262985229492 19.0262985229492 19 19 19.0262985229492 19
6 6 6.08276271820068 6 6.08276271820068 5.83095169067383 5.38516473770142 5.0990195274353 5 5 5.0990195274353 5 5.0990195274353 5.38516473770142 5.83095169067383 6.32455539703369 6.70820379257202 7.07106781005859 7.28010988235474 7.61577320098877 8.06225776672363 8.60232543945312 9.21954441070557 9.84885787963867 10.2956304550171 10.8166542053223 11.4017543792725 12.0415945053101 12.6491107940674 13 13.416407585144 13.8924436569214 14.3178215026855 14.7648229598999 15.2315464019775 15.65247631073 16.1245155334473 16.6433162689209 17.2046508789062 17.8044929504395 18.2482872009277 18.4390888214111 18.6815414428711 18.9736652374268 19.3132076263428 19.6977157592773 20.0997505187988 20.0249843597412 20 20.0249843597412 20 20 20.0249843597412 20.0249843597412 20 20 20.0249843597412 20
7 7 7.07106781005859 7 7.07106781005859 6.70820379257202 6.32455539703369 6.08276271820068 6 6 6.08276271820068 6 6.08276271820068 6.32455539703369 6.70820379257202 7.21110248565674 7.61577320098877 8.06225776672363 8.24621105194092 8.5440034866333 8.9442720413208 9.43398094177246 10 10.6301460266113 11.1803398132324 11.6619033813477 12.2065553665161 12.806248664856 13.4536237716675 13.9283885955811 14.3178215026855 14.7648229598999 15.2315464019775 15.65247631073 16.1245155334473 16.5529460906982 17 17.4928550720215 18.0277557373047 18.6010761260986 19.2093734741211 19.4164886474609 19.6468830108643 19.9248580932617 20.2484569549561 20.6155281066895 21.023796081543 21.023796081543 21 21.023796081543 21 21 21.023796081543 21.023796081543 21 21 21.023796081543 21
8 8 8.06225776672363 8 8.06225776672363 7.61577320098877 7.28010988235474 7.07106781005859 7 7 7.07106781005859 7 7.07106781005859 7.28010988235474 7.61577320098877 8.06225776672363 8.5440034866333 8.9442720413208 9.21954441070557 9.48683261871338 9.84885787963867 10.2956304550171 10.8166542053223 11.4017543792725 12.0415945053101 12.5299644470215 13.0384044647217 13.6014709472656 14.2126703262329 14.8660688400269 15.2315464019775 15.65247631073 16.1245155334473 16.5529460906982 17 17.4642486572266 17.8885440826416 18.3575592041016 18.8679618835449 19.4164886474609 20 20.3960781097412 20.6155281066895 20.8806133270264 21.1896209716797 21.5406589508057 21.931713104248 22.0227146148682 22 22.0227146148682 22 22 22.0227146148682 22.0227146148682 22 22 22.0227146148682 22
9 9 9.05538558959961 9 8.9442720413208 8.5440034866333 8.24621105194092 8.06225776672363 8 8 8.06225776672363 8 8.06225776672363 8.24621105194092 8.5440034866333 8.9442720413208 9.43398094177246 9.84885787963867 10.1980390548706 10.4403066635132 10.7703294754028 11.1803398132324 11.6619033813477 -9999 -9999 -9999 13.8924436569214 14.4222049713135 15 -9999 -9999 -9999 -9999 -9999 -9999 -9999 -9999 -9999 -9999 -9999 -9999 -9999 -9999 -9999 -9999 -9999 -9999 -9999 -9999 -9999 -9999 -9999 -9999 -9999 23 -9999 -9999 -9999
10 10 10.0498752593994 10 9.84885787963867 9.48683261871338 9.21954441070557 9.05538558959961 9 9 9.05538558959961 9 9.05538558959961 9.21954441070557 9.48683261871338 9.84885787963867 10.2956304550171 -9999 -9999 -9999 -9999 -9999 -9999 -9999 -9999 -9999 -9999 -9999 -9999 -9999 -9999 -9999 -9999 -9999 -9999 -9999 -9999 -9999 -9999 -9999 -9999 -9999 -9999 -9999 -9999 -9999 -9999 -9999 -9999 -9999 -9999 -9999 -9999 -9999 -9999 -9999 -9999 -9999
-9999 -9999 -9999 -9999 -9999 10.4403066635132 -9999 -9999 -9999 -9999 -9999 -9999 -9999 10.1980390548706 10.4403066635132 -9999 -9999 -9999 -9999 -9999 -9999 -9999 -9999 -9999 -9999 -9999 -9999 -9999 -9999 -9999 -9999 -9999 -9999 -9999 -9999 -9999 -9999 -9999 -9999 -9999 -9999 -9999 -9999 -9999 -9999 -9999 -9999 -9999 -9999 -9999 -9999 -9999 -9999 -9999 -9999 -9999 -9999 -9999
-9999 -9999 -9999 -9999 -9999 -9999 -9999 -9999 -9999 -9999 -9999 -9999 -9999 -9999 -9999 -9999 -9999 -9999 -9999 -9999 -9999 -9999 -9999 -9999 -9999 -9999 -9999 -9999 -9999 -9999 -9999 -9999 -9999 -9999 -9999 -9999 -9999 -9999 -9999 -9999 -9999 -9999 -9999 -9999 -9999 -9999 -9999 -9999 -9999 -9999 -9999 -9999 -9999 -9999 -9999 -9999 -9999 -9999
-9999 -9999 -9999 -9999 -9999 -9999 -9999 -9999 -9999 -9999 -9999 -9999 -9999 -9999 -9999 -9999 -9999 -9999 -9999 -9999 -9999 -9999 -9999 -9999 -9999 -9999 -9999 -9999 -9999 -9999 -9999 -9999 -9999 -9999 -9999 -9999 -9999 -9999 -9999 -9999 -9999 -9999 -9999 -9999 -9999 -9999 -9999 -9999 -9999 -9999 -9999 -9999 -9999 -9999 -9999 -9999 -9999 -9999
-9999 -9999 -9999 -9999 -9999 -9999 -9999 -9999 -9999 -9999 -9999 -9999 -9999 -9999 -9999 -9999 -9999 -9999 -9999 -9999 -9999 -9999 -9999 -9999 -9999 -9999 -9999 -9999 -9999 -9999 -9999 -9999 -9999 -9999 -9999 -9999 -9999 -9999 -9999 -9999 -9999 -9999 -9999 -9999 -9999 -9999 -9999 -9999 -9999 -9999 -9999 -9999 -9999 -9999 -9999 -9999 -9999 -9999
-9999 -9999 -9999 -9999 -9999 -9999 -9999 -9999 -9999 -9999 -9999 -9999 -9999 -9999 -9999 -9999 -9999 -9999 -9999 -9999 -9999 -9999 -9999 -9999 -9999 -9999 -9999 -9999 -9999 -9999 -9999 -9999 -9999 -9999 -9999 -9999 -9999 -9999 -9999 -9999 -9999 -9999 -9999 -9999 -9999 -9999 -9999 -9999 -9999 -9999 -9999 -9999 -9999 -9999 -9999 -9999 -9999 -9999
-9999 -9999 -9999 -9999 -9999 -9999 -9999 -9999 -9999 -9999 -9999 -9999 -9999 -9999 -9999 -9999 -9999 -9999 -9999 -9999 -9999 -9999 -9999 -9999 -9999 -9999 -9999 -9999 -9999 -9999 -9999 -9999 -9999 -9999 -9999 -9999 -9999 -9999 -9999 -9999 -9999 -9999 -9999 -9999 -9999 -9999 -9999 -9999 -9999 -9999 -9999 -9999 -9999 -9999 -9999 -9999 -9999 -9999
-9999 -9999 -9999 -9999 -9999 -9999 -9999 -9999 -9999 -9999 -9999 -9999 -9999 -9999 -9999 -9999 -9999 -9999 -9999 -9999 -9999 -9999 -9999 -9999 -9999 -9999 -9999 -9999 -9999 -9999 -9999 -9999 -9999 -9999 -9999 -9999 -9999 -9999 -9999 -9999 -9999 -9999 -9999 -9999 -9999 -9999 -9999 -9999 -9999 -9999 -9999 -9999 -9999 -9999 -9999 -9999 -9999 -9999
