data/grids/anth/KMTOCZ.asc
NCOLS 822 
NROWS 563 
XLLCORNER -58000 
YLLCORNER 5661000 
CELLSIZE 1000 
NODATA_value -9999 
[rows 258 to 300 of 563, columns 192 to 287 of 822]
5 4 4 3 2 2 2 3 4 4 5 6 7 8 9 10 11 12 13 14 15 16 17 18 19 20 21 22 23 24 25 26 27 28 29 30 31 32 33 34 35 36 37 38 39 40 41 42 43 44 45 46 47 48 49 50 51 52 53 54 55 56 57 58 59 60 61 62 63 64 64 63 62 61 61 60 59 58 57 56 55 55 54 53 52 51 51 50 49 48 48 47 46 45 45 44
6 5 4 4 3 3 3 4 4 5 6 7 8 9 9 10 11 12 13 14 15 16 17 18 19 20 21 22 23 24 25 26 27 28 29 30 31 32 33 34 35 36 37 38 39 40 41 42 43 44 45 46 47 48 49 50 51 52 53 54 55 56 57 58 59 60 61 62 63 64 64 63 62 61 60 59 58 57 57 56 55 54 53 52 52 51 50 49 48 48 47 46 45 45 44 43
6 6 5 4 4 4 4 4 5 6 6 7 8 9 10 11 12 13 14 15 16 16 17 18 19 20 21 22 23 24 25 26 27 28 29 30 31 32 33 34 35 36 37 38 39 40 41 42 43 44 45 46 47 48 49 50 51 52 53 54 55 56 57 58 59 60 61 62 63 64 63 62 61 60 60 59 58 57 56 55 54 54 53 52 51 50 49 49 48 47 46 45 45 44 43 42
7 6 6 5 5 5 5 5 6 6 7 8 9 9 10 11 12 13 14 15 16 17 18 19 20 21 22 23 24 25 25 26 27 28 29 30 31 32 33 34 35 36 37 38 39 40 41 42 43 44 45 46 47 48 49 50 51 52 53 54 55 56 57 58 59 60 61 62 63 64 63 62 61 60 59 58 57 56 56 55 54 53 52 51 50 50 49 48 47 46 46 45 44 43 43 42
8 7 7 6 6 6 6 6 7 7 8 8 9 10 11 12 13 13 14 15 16 17 18 19 20 21 22 23 24 25 26 27 28 29 30 31 32 33 34 35 36 36 37 38 39 40 41 42 43 44 45 46 47 48 49 50 51 52 53 54 55 56 57 58 59 60 61 62 63 63 62 61 60 59 59 58 57 56 55 54 53 52 52 51 50 49 48 47 47 46 45 44 43 43 42 41
9 8 8 7 7 7 7 7 8 8 9 9 10 11 11 12 13 14 15 16 17 17 18 19 20 21 22 23 24 25 26 27 28 29 30 31 32 33 34 35 36 37 38 39 40 41 42 43 44 45 46 47 48 49 49 50 51 52 53 54 55 56 57 58 59 60 61 62 63 63 62 61 60 59 58 57 56 55 55 54 53 52 51 50 49 49 48 47 46 45 44 44 43 42 41 40
9 9 9 8 8 8 8 8 9 9 9 10 11 11 12 13 14 14 15 16 17 18 19 20 21 22 22 23 24 25 26 27 28 29 30 31 32 33 34 35 36 37 38 39 40 41 42 43 44 45 46 47 48 49 50 51 52 53 54 55 56 57 58 59 60 61 62 63 63 62 61 60 60 59 58 57 56 55 54 53 52 51 51 50 49 48 47 46 45 45 44 43 42 41 41 40
10 10 9 9 9 9 9 9 9 10 10 11 11 12 13 13 14 15 16 17 17 18 19 20 21 22 23 24 25 26 27 28 28 29 30 31 32 33 34 35 36 37 38 39 40 41 42 43 44 45 46 47 48 49 50 51 52 53 54 55 56 57 58 59 60 61 62 63 63 62 61 60 59 58 57 56 55 55 54 53 52 51 50 49 48 48 47 46 45 44 43 42 42 41 40 39
11 11 10 10 10 10 10 10 10 11 11 12 12 13 13 14 15 16 16 17 18 19 20 21 21 22 23 24 25 26 27 28 29 30 31 32 33 34 34 35 36 37 38 39 40 41 42 43 44 45 46 47 48 49 50 51 52 53 54 55 56 57 58 59 60 61 62 63 62 61 61 60 59 58 57 56 55 54 53 52 51 51 50 49 48 47 46 45 44 44 43 42 41 40 39 39
12 12 11 11 11 11 11 11 11 12 12 13 13 14 14 15 16 16 17 18 19 19 20 21 22 23 24 25 25 26 27 28 29 30 31 32 33 34 35 36 37 38 39 40 41 41 42 43 44 45 46 47 48 49 50 51 52 53 54 55 56 57 58 59 60 61 62 63 62 61 60 59 58 57 56 56 55 54 53 52 51 50 49 48 47 47 46 45 44 43 42 41 40 40 39 38
13 13 12 12 12 12 12 12 12 13 13 13 14 14 15 16 16 17 18 18 19 20 21 22 22 23 24 25 26 27 28 29 30 30 31 32 33 34 35 36 37 38 39 40 41 42 43 44 45 46 47 48 49 49 50 51 52 53 54 55 56 57 58 59 60 61 62 63 62 61 60 59 58 57 56 55 54 53 52 51 51 50 49 48 47 46 45 44 43 43 42 41 40 39 38 37
14 14 13 13 13 13 13 13 13 14 14 14 15 15 16 16 17 18 18 19 20 21 21 22 23 24 25 26 26 27 28 29 30 31 32 33 34 35 35 36 37 38 39 40 41 42 43 44 45 46 47 48 49 50 51 52 53 54 55 56 57 57 58 59 60 61 62 62 61 60 59 59 58 57 56 55 54 53 52 51 50 49 48 47 47 46 45 44 43 42 41 40 39 39 38 37
15 15 14 14 14 14 14 14 14 15 15 15 16 16 17 17 18 18 19 20 21 21 22 23 24 24 25 26 27 28 29 30 30 31 32 33 34 35 36 37 38 39 40 40 41 42 43 44 45 46 47 48 49 50 51 52 53 54 55 56 57 58 59 60 61 62 63 62 61 60 59 58 57 56 55 54 53 53 52 51 50 49 48 47 46 45 44 43 42 42 41 40 39 38 37 36
16 16 15 15 15 15 15 15 15 16 16 16 17 17 17 18 19 19 20 21 21 22 23 23 24 25 26 27 27 28 29 30 31 32 33 34 34 35 36 37 38 39 40 41 42 43 44 45 46 46 47 48 49 50 51 52 53 54 55 56 57 58 59 60 61 62 63 62 61 60 59 58 57 56 55 54 53 52 51 50 49 48 48 47 46 45 44 43 42 41 40 39 38 38 37 36
17 16 16 16 16 16 16 16 16 16 17 17 17 18 18 19 19 20 21 21 22 23 23 24 25 26 26 27 28 29 30 31 31 32 33 34 35 36 37 38 38 39 40 41 42 43 44 45 46 47 48 49 50 51 52 52 53 54 55 56 57 58 59 60 61 62 62 61 60 59 59 58 57 56 55 54 53 52 51 50 49 48 47 46 45 44 43 43 42 41 40 39 38 37 36 35
18 17 17 17 17 17 17 17 17 17 18 18 18 19 19 20 20 21 21 22 23 23 24 25 25 26 27 28 29 29 30 31 32 33 34 34 35 36 37 38 39 40 41 42 43 43 44 45 46 47 48 49 50 51 52 53 54 55 56 57 58 59 59 60 61 62 62 61 60 59 58 57 56 55 54 53 52 52 51 50 49 48 47 46 45 44 43 42 41 40 39 38 38 37 36 35
19 18 18 18 18 18 18 18 18 18 19 19 19 20 20 21 21 22 22 23 23 24 25 25 26 27 28 28 29 30 31 32 32 33 34 35 36 37 38 38 39 40 41 42 43 44 45 46 47 48 48 49 50 51 52 53 54 55 56 57 58 59 60 61 61 61 62 61 60 59 58 57 56 55 54 53 52 51 50 49 48 47 46 46 45 44 43 42 41 40 39 38 37 36 35 34
20 19 19 19 19 19 19 19 19 19 20 20 20 21 21 21 22 22 23 24 24 25 25 26 27 28 28 29 30 31 31 32 33 34 35 36 36 37 38 39 40 41 42 42 43 44 45 46 47 48 49 50 51 52 53 53 54 55 56 57 58 59 60 60 60 60 61 61 60 59 58 57 56 55 54 53 52 51 50 49 48 47 46 45 44 43 42 41 40 40 39 38 37 36 35 34
21 20 20 20 20 20 20 20 20 20 21 21 21 22 22 22 23 23 24 24 25 26 26 27 28 28 29 30 30 31 32 33 34 34 35 36 37 38 39 39 40 41 42 43 44 45 46 47 47 48 49 50 51 52 53 54 55 56 57 58 59 59 59 59 59 59 60 60 59 58 57 57 56 55 54 53 52 51 50 49 48 47 46 45 44 43 42 41 40 39 38 37 36 35 35 34
22 21 21 21 21 21 21 21 21 21 22 22 22 22 23 23 24 24 25 25 26 26 27 28 28 29 30 30 31 32 33 33 34 35 36 37 37 38 39 40 41 42 43 43 44 45 46 47 48 49 50 51 51 52 53 54 55 56 57 57 58 58 58 58 58 58 59 59 59 58 57 56 55 54 53 52 51 50 49 49 48 47 46 45 44 43 42 41 40 39 38 37 36 35 34 33
23 22 22 22 22 22 22 22 22 22 23 23 23 23 24 24 25 25 26 26 27 27 28 28 29 30 30 31 32 33 33 34 35 36 36 37 38 39 40 40 41 42 43 44 45 46 47 47 48 49 50 51 52 53 54 55 56 56 56 56 57 57 57 57 57 57 58 58 58 58 57 56 55 54 53 52 51 50 49 48 47 46 45 44 43 42 41 41 40 39 38 37 36 35 34 33
24 23 23 23 23 23 23 23 23 23 24 24 24 24 25 25 25 26 26 27 27 28 29 29 30 30 31 32 33 33 34 35 35 36 37 38 39 39 40 41 42 43 44 44 45 46 47 48 49 50 51 51 52 53 54 55 55 55 55 55 56 56 56 56 56 57 57 57 57 58 57 56 55 54 53 52 51 50 49 48 47 46 45 44 43 42 41 40 39 38 37 36 35 34 34 33
25 24 24 24 24 24 24 24 24 24 25 25 25 25 26 26 26 27 27 28 28 29 29 30 31 31 32 33 33 34 35 35 36 37 38 38 39 40 41 42 42 43 44 45 46 47 48 48 49 50 51 52 53 54 54 54 54 54 54 54 55 55 55 55 55 56 56 56 56 57 57 56 55 54 53 52 51 50 49 48 47 46 45 44 43 42 41 40 39 38 37 36 35 34 33 32
25 25 25 25 25 25 25 25 25 25 25 26 26 26 27 27 27 28 28 29 29 30 30 31 31 32 33 33 34 35 35 36 37 38 38 39 40 41 41 42 43 44 45 45 46 47 48 49 50 51 51 52 53 53 53 53 53 53 53 53 54 54 54 54 54 55 55 55 55 56 56 56 55 54 53 52 51 50 49 48 47 46 45 44 43 42 41 40 39 38 37 36 35 34 33 32
26 26 26 26 26 26 26 26 26 26 26 27 27 27 28 28 28 29 29 30 30 31 31 32 32 33 33 34 35 35 36 37 37 38 39 40 40 41 42 43 44 44 45 46 47 48 49 49 50 51 52 52 52 52 52 52 52 52 52 52 53 53 53 53 53 54 54 54 54 55 55 55 54 53 52 51 50 49 49 48 47 46 45 44 43 42 41 40 39 38 37 36 35 34 33 32
27 27 27 27 27 27 27 27 27 27 27 28 28 28 28 29 29 30 30 30 31 31 32 32 33 34 34 35 35 36 37 37 38 39 40 40 41 42 43 43 44 45 46 47 47 48 49 50 51 51 51 51 51 51 51 51 51 51 51 51 52 52 52 52 52 53 53 53 53 54 54 54 54 53 52 51 50 49 48 47 46 45 44 43 42 41 40 39 38 37 36 36 35 34 33 32
28 28 28 28 28 28 28 28 28 28 28 29 29 29 29 30 30 30 31 31 32 32 33 33 34 34 35 36 36 37 38 38 39 40 40 41 42 43 43 44 45 46 46 47 48 49 50 50 50 50 50 50 50 50 50 50 50 50 50 50 51 51 51 51 51 52 52 52 52 53 53 53 54 53 52 51 50 49 48 47 46 45 44 43 42 41 40 39 38 37 36 35 34 33 32 31
29 29 29 29 29 29 29 29 29 29 29 30 30 30 30 31 31 31 32 32 33 33 34 34 35 35 36 36 37 38 38 39 40 40 41 42 42 43 44 45 45 46 47 48 49 49 49 49 49 49 49 49 49 49 49 49 49 49 49 49 50 50 50 50 50 51 51 51 52 52 52 53 53 53 52 51 50 49 48 47 46 45 44 43 42 41 40 39 38 37 36 35 34 33 32 31
30 30 30 30 30 30 30 30 30 30 30 31 31 31 31 32 32 32 33 33 34 34 34 35 36 36 37 37 38 38 39 40 40 41 42 42 43 44 45 45 46 47 48 48 49 49 48 48 48 48 48 48 48 48 48 48 48 48 48 49 49 49 49 49 49 50 50 50 51 51 51 52 52 52 52 51 50 49 48 47 46 45 44 43 42 41 40 39 38 37 36 35 34 33 32 31
31 31 31 31 31 31 31 31 31 31 31 32 32 32 32 33 33 33 34 34 34 35 35 36 36 37 37 38 39 39 40 40 41 42 42 43 44 45 45 46 47 48 48 48 48 48 47 47 47 47 47 47 47 47 47 47 47 47 47 48 48 48 48 48 49 49 49 49 50 50 50 51 51 51 52 51 50 49 48 47 46 45 44 43 42 41 40 39 38 37 36 35 34 33 32 31
32 32 32 32 32 32 32 32 32 32 32 33 33 33 33 34 34 34 35 35 35 36 36 37 37 38 38 39 39 40 41 41 42 43 43 44 45 45 46 47 47 47 47 47 47 47 46 46 46 46 46 46 46 46 46 46 46 46 46 47 47 47 47 47 48 48 48 48 49 49 49 50 50 51 51 51 50 49 48 47 46 45 44 43 42 41 40 39 38 37 36 35 34 33 32 31
33 33 33 33 33 33 33 33 33 33 33 34 34 34 34 34 35 35 35 36 36 37 37 38 38 39 39 40 40 41 41 42 43 43 44 45 45 46 47 47 47 46 46 46 46 46 45 45 45 45 45 45 45 45 45 45 45 45 45 46 46 46 46 46 47 47 47 47 48 48 48 49 49 50 50 51 50 49 48 47 46 45 44 43 42 41 40 39 38 37 36 35 34 33 32 31
34 34 34 34 34 34 34 34 34 34 34 35 35 35 35 35 36 36 36 37 37 38 38 38 39 39 40 40 41 42 42 43 43 44 45 45 46 46 46 46 46 45 45 45 45 45 44 44 44 44 44 44 44 44 44 44 44 44 44 45 45 45 45 45 46 46 46 46 47 47 48 48 48 49 49 50 50 49 48 47 46 45 44 43 42 41 40 39 38 37 36 35 34 33 32 31
35 35 35 35 35 35 35 35 35 35 35 36 36 36 36 36 37 37 37 38 38 38 39 39 40 40 41 41 42 42 43 44 44 45 45 46 46 46 45 45 45 44 44 44 44 44 43 43 43 43 43 43 43 43 43 43 43 43 43 44 44 44 44 44 45 45 45 46 46 46 47 47 47 48 48 49 49 49 48 47 46 45 44 43 42 41 40 39 38 37 36 35 34 33 32 31
36 36 36 36 36 36 36 36 36 36 36 36 37 37 37 37 38 38 38 39 39 39 40 40 41 41 42 42 43 43 44 44 45 46 46 45 45 45 44 44 44 43 43 43 43 43 42 42 42 42 42 42 42 42 42 42 42 42 42 43 43 43 43 43 44 44 44 45 45 45 46 46 47 47 47 48 48 49 48 47 46 45 44 43 42 41 40 39 38 37 36 35 34 33 32 31
37 37 37 37 37 37 37 37 37 37 37 37 38 38 38 38 39 39 39 40 40 40 41 41 42 42 43 43 44 44 45 45 46 45 45 44 44 44 43 43 43 42 42 42 42 42 41 41 41 41 41 41 41 41 41 41 41 41 41 42 42 42 42 42 43 43 43 44 44 44 45 45 46 46 47 47 48 48 48 47 46 45 44 43 42 41 40 39 38 37 36 35 34 33 32 31
38 38 38 38 38 38 38 38 38 38 38 38 39 39 39 39 40 40 40 40 41 41 42 42 42 43 43 44 44 45 45 45 45 44 44 43 43 43 42 42 42 41 41 41 41 41 40 40 40 40 40 40 40 40 40 40 40 40 40 41 41 41 41 41 42 42 42 43 43 43 44 44 45 45 46 46 47 47 48 47 46 45 44 43 42 41 40 39 38 37 36 35 34 33 32 31
39 39 39 39 39 39 39 39 39 39 39 39 40 40 40 40 41 41 41 41 42 42 43 43 43 44 44 45 45 45 45 44 44 43 43 43 42 42 41 41 41 41 40 40 40 40 39 39 39 39 39 39 39 39 39 39 39 39 39 40 40 40 40 41 41 41 41 42 42 43 43 43 44 44 45 45 46 46 47 47 46 45 44 43 42 41 40 39 38 37 36 36 35 34 33 32
40 40 40 40 40 40 40 40 40 40 40 40 41 41 41 41 41 42 42 42 43 43 43 44 44 45 45 45 45 44 44 43 43 42 42 42 41 41 40 40 40 40 39 39 39 39 38 38 38 38 38 38 38 38 38 38 38 38 38 39 39 39 39 40 40 40 40 41 41 42 42 42 43 43 44 44 45 45 46 47 47 46 45 44 43 42 41 40 39 38 37 36 35 34 33 32
39 39 39 40 40 40 41 41 41 41 41 41 42 42 42 42 42 43 43 43 44 44 44 45 45 46 45 45 44 44 43 43 42 42 41 41 40 40 40 39 39 39 38 38 38 38 37 37 37 37 37 37 37 37 37 37 37 37 37 38 38 38 38 39 39 39 40 40 40 41 41 42 42 43 43 44 44 45 45 46 46 46 45 44 43 42 41 40 39 38 37 36 35 34 33 32
38 38 38 39 39 39 40 40 41 41 42 42 43 43 43 43 43 44 44 44 45 45 45 46 46 45 44 44 43 43 42 42 41 41 40 40 39 39 39 38 38 38 37 37 37 37 36 36 36 36 36 36 36 36 36 36 36 36 36 37 37 37 37 38 38 38 39 39 39 40 40 41 41 42 42 43 43 44 44 45 46 46 45 44 43 42 41 40 39 38 37 36 35 34 33 32
37 37 37 38 38 38 39 39 40 40 41 41 42 42 43 44 44 45 45 45 46 46 46 45 45 44 44 43 42 42 41 41 40 40 39 39 38 38 38 37 37 37 36 36 36 36 36 35 35 35 35 35 35 35 35 35 35 35 36 36 36 36 36 37 37 37 38 38 38 39 39 40 40 41 41 42 42 43 44 44 45 45 45 44 43 42 41 40 39 38 37 36 35 34 34 33
36 36 36 37 37 38 38 38 39 39 40 40 41 42 42 43 43 44 45 45 46 46 45 45 44 43 43 42 42 41 40 40 39 39 38 38 38 37 37 36 36 36 35 35 35 35 35 34 34 34 34 34 34 34 34 34 34 34 35 35 35 35 35 36 36 36 37 37 38 38 38 39 39 40 40 41 42 42 43 43 44 45 45 44 43 42 41 41 40 39 38 37 36 35 34 33
