data/grids/anth/KMTOCZ.asc
NCOLS 822 
NROWS 563 
XLLCORNER -58000 
YLLCORNER 5661000 
CELLSIZE 1000 
NODATA_value -9999 
[rows 215 to 257 of 563, columns 96 to 191 of 822]
89 89 89 88 88 88 87 87 87 86 86 86 86 85 85 85 85 85 84 84 84 84 84 84 83 83 83 83 83 83 82 81 80 79 79 78 77 76 75 74 73 73 72 71 70 69 69 68 67 66 65 65 64 63 62 62 61 60 59 59 58 57 57 56 55 55 54 53 53 52 51 51 50 50 49 49 48 48 47 47 46 46 45 45 44 44 44 43 43 43 42 42 42 42 42 41
88 88 88 87 87 87 86 86 86 85 85 85 85 84 84 84 84 84 83 83 83 83 83 83 82 82 82 82 82 82 81 81 80 79 78 77 76 75 75 74 73 72 71 70 70 69 68 67 66 66 65 64 63 62 62 61 60 59 59 58 57 57 56 55 54 54 53 52 52 51 51 50 49 49 48 48 47 47 46 46 45 45 44 44 43 43 43 42 42 42 41 41 41 41 41 40
87 87 87 86 86 86 85 85 85 84 84 84 84 83 83 83 83 83 82 82 82 82 82 82 81 81 81 81 81 81 81 80 79 78 78 77 76 75 74 73 72 72 71 70 69 68 67 67 66 65 64 63 63 62 61 60 60 59 58 57 57 56 55 54 54 53 52 52 51 50 50 49 49 48 47 47 46 46 45 45 44 44 43 43 43 42 42 41 41 41 41 40 40 40 40 39
87 86 86 85 85 85 84 84 84 84 83 83 83 82 82 82 82 82 81 81 81 81 81 81 81 80 80 80 80 80 80 80 79 78 77 76 75 74 74 73 72 71 70 69 69 68 67 66 65 64 64 63 62 61 60 60 59 58 57 57 56 55 54 54 53 52 52 51 50 50 49 48 48 47 47 46 45 45 44 44 43 43 42 42 42 41 41 40 40 40 40 39 39 39 39 38
86 85 85 85 84 84 83 83 83 83 82 82 82 81 81 81 81 81 80 80 80 80 80 80 80 79 79 79 79 79 79 79 78 77 77 76 75 74 73 72 71 70 70 69 68 67 66 65 65 64 63 62 61 61 60 59 58 57 57 56 55 54 54 53 52 52 51 50 50 49 48 48 47 46 46 45 45 44 44 43 43 42 42 41 41 40 40 40 39 39 39 38 38 38 38 37
85 84 84 84 83 83 83 82 82 82 81 81 81 81 80 80 80 80 79 79 79 79 79 79 79 78 78 78 78 78 78 78 78 77 76 75 74 73 73 72 71 70 69 68 67 67 66 65 64 63 62 62 61 60 59 58 58 57 56 55 55 54 53 52 52 51 50 50 49 48 48 47 46 46 45 44 44 43 43 42 42 41 41 40 40 39 39 39 38 38 38 37 37 37 37 36
84 83 83 83 82 82 82 81 81 81 80 80 80 80 79 79 79 79 78 78 78 78 78 78 78 77 77 77 77 77 77 77 77 76 76 75 74 73 72 71 70 69 69 68 67 66 65 64 64 63 62 61 60 59 59 58 57 56 55 55 54 53 52 52 51 50 49 49 48 47 47 46 45 45 44 44 43 42 42 41 41 40 40 39 39 38 38 38 37 37 37 36 36 36 36 36
83 82 82 82 81 81 81 80 80 80 79 79 79 79 78 78 78 78 77 77 77 77 77 77 77 76 76 76 76 76 76 76 76 76 75 74 73 72 72 71 70 69 68 67 66 66 65 64 63 62 61 60 60 59 58 57 56 56 55 54 53 52 52 51 50 50 49 48 47 47 46 45 45 44 43 43 42 42 41 40 40 39 39 38 38 38 37 37 36 36 36 35 35 35 35 35
82 82 81 81 80 80 80 79 79 79 78 78 78 78 77 77 77 77 76 76 76 76 76 76 76 75 75 75 75 75 75 75 75 75 75 74 73 72 71 70 69 68 68 67 66 65 64 63 62 62 61 60 59 58 57 57 56 55 54 53 53 52 51 50 50 49 48 47 47 46 45 45 44 43 43 42 41 41 40 40 39 39 38 38 37 37 36 36 35 35 35 34 34 34 34 34
81 81 80 80 79 79 79 78 78 78 77 77 77 77 76 76 76 76 76 75 75 75 75 75 75 74 74 74 74 74 74 74 74 74 74 73 72 72 71 70 69 68 67 66 65 64 64 63 62 61 60 59 59 58 57 56 55 54 54 53 52 51 50 50 49 48 47 47 46 45 45 44 43 43 42 41 41 40 39 39 38 38 37 37 36 36 35 35 35 34 34 34 33 33 33 33
80 80 79 79 79 78 78 77 77 77 77 76 76 76 75 75 75 75 75 74 74 74 74 74 74 73 73 73 73 73 73 73 73 73 73 73 72 71 70 69 68 68 67 66 65 64 63 62 61 61 60 59 58 57 56 55 55 54 53 52 51 51 50 49 48 48 47 46 45 45 44 43 42 42 41 40 40 39 39 38 37 37 36 36 35 35 34 34 34 33 33 33 32 32 32 32
79 79 78 78 78 77 77 77 76 76 76 75 75 75 74 74 74 74 74 73 73 73 73 73 73 72 72 72 72 72 72 72 72 72 72 72 72 71 70 69 68 67 66 65 64 64 63 62 61 60 59 58 57 57 56 55 54 53 52 52 51 50 49 48 48 47 46 45 45 44 43 42 42 41 40 40 39 38 38 37 37 36 36 35 34 34 34 33 33 32 32 32 31 31 31 31
78 78 77 77 77 76 76 76 75 75 75 74 74 74 73 73 73 73 73 72 72 72 72 72 72 71 71 71 71 71 71 71 71 71 71 71 71 70 69 68 68 67 66 65 64 63 62 61 60 60 59 58 57 56 55 54 54 53 52 51 50 49 49 48 47 46 45 45 44 43 42 42 41 40 40 39 38 38 37 36 36 35 35 34 34 33 33 32 32 31 31 31 30 30 30 30
77 77 77 76 76 75 75 75 74 74 74 73 73 73 73 72 72 72 72 71 71 71 71 71 71 70 70 70 70 70 70 70 70 70 70 70 70 70 69 68 67 66 65 64 64 63 62 61 60 59 58 57 56 56 55 54 53 52 51 50 50 49 48 47 46 46 45 44 43 43 42 41 40 40 39 38 38 37 36 36 35 34 34 33 33 32 32 31 31 30 30 30 29 29 29 29
76 76 76 75 75 74 74 74 73 73 73 72 72 72 72 71 71 71 71 70 70 70 70 70 70 69 69 69 69 69 69 69 69 69 69 69 69 69 69 68 67 66 65 64 63 62 61 60 59 59 58 57 56 55 54 53 52 52 51 50 49 48 47 47 46 45 44 43 43 42 41 40 40 39 38 37 37 36 35 35 34 34 33 32 32 31 31 30 30 30 29 29 28 28 28 28
76 75 75 74 74 74 73 73 72 72 72 71 71 71 71 70 70 70 70 69 69 69 69 69 69 68 68 68 68 68 68 68 68 68 68 68 68 68 68 67 66 65 64 64 63 62 61 60 59 58 57 56 55 55 54 53 52 51 50 49 49 48 47 46 45 44 44 43 42 41 40 40 39 38 37 37 36 35 35 34 33 33 32 32 31 31 30 30 29 29 28 28 28 27 27 27
75 74 74 73 73 73 72 72 72 71 71 71 70 70 70 69 69 69 69 68 68 68 68 68 68 67 67 67 67 67 67 67 67 67 67 67 67 67 67 67 66 65 64 63 62 61 60 60 59 58 57 56 55 54 53 52 51 51 50 49 48 47 46 45 45 44 43 42 41 41 40 39 38 38 37 36 35 35 34 33 33 32 31 31 30 30 29 29 28 28 27 27 27 26 26 26
74 73 73 72 72 72 71 71 71 70 70 70 69 69 69 68 68 68 68 67 67 67 67 67 67 66 66 66 66 66 66 66 66 66 66 66 66 66 66 66 66 65 64 63 62 61 60 59 58 57 56 55 55 54 53 52 51 50 49 48 48 47 46 45 44 43 42 42 41 40 39 38 38 37 36 35 35 34 33 33 32 31 31 30 29 29 28 28 27 27 26 26 26 25 25 25
73 72 72 72 71 71 70 70 70 69 69 69 68 68 68 67 67 67 67 66 66 66 66 66 66 65 65 65 65 65 65 65 65 65 65 65 65 65 65 65 65 64 63 62 61 61 60 59 58 57 56 55 54 53 52 51 51 50 49 48 47 46 45 44 44 43 42 41 40 39 39 38 37 36 35 35 34 33 33 32 31 30 30 29 29 28 27 27 26 26 25 25 25 24 24 24
72 72 71 71 70 70 69 69 69 68 68 68 67 67 67 66 66 66 66 66 65 65 65 65 65 64 64 64 64 64 64 64 64 64 64 64 64 64 64 64 64 64 63 62 61 60 59 58 57 56 56 55 54 53 52 51 50 49 48 47 47 46 45 44 43 42 41 40 40 39 38 37 36 36 35 34 33 33 32 31 30 30 29 28 28 27 27 26 26 25 25 24 24 23 23 23
71 71 70 70 69 69 69 68 68 67 67 67 66 66 66 66 65 65 65 65 64 64 64 64 64 64 63 63 63 63 63 63 63 63 63 63 63 63 63 63 63 64 63 62 61 60 59 58 57 56 55 54 53 52 51 51 50 49 48 47 46 45 44 43 43 42 41 40 39 38 37 37 36 35 34 33 33 32 31 30 30 29 28 28 27 26 26 25 25 24 24 23 23 22 22 22
70 70 69 69 68 68 68 67 67 66 66 66 65 65 65 65 64 64 64 64 63 63 63 63 63 63 62 62 62 62 62 62 62 62 62 62 62 62 62 62 62 63 62 61 60 59 59 58 57 56 55 54 53 52 51 50 49 48 47 47 46 45 44 43 42 41 40 39 39 38 37 36 35 34 34 33 32 31 30 30 29 28 28 27 26 26 25 24 24 23 23 22 22 22 21 21
69 69 68 68 68 67 67 66 66 66 65 65 65 64 64 64 63 63 63 63 62 62 62 62 62 62 61 61 61 61 61 61 61 61 61 61 61 61 61 61 61 62 62 61 60 59 58 57 56 55 54 53 53 52 51 50 49 48 47 46 45 44 43 42 42 41 40 39 38 37 36 36 35 34 33 32 31 31 30 29 28 28 27 26 25 25 24 24 23 22 22 21 21 21 20 20
68 68 68 67 67 66 66 65 65 65 64 64 64 63 63 63 62 62 62 62 61 61 61 61 61 61 60 60 60 60 60 60 60 60 60 60 60 60 60 60 60 61 61 61 60 59 58 57 56 55 54 53 52 51 50 49 48 48 47 46 45 44 43 42 41 40 39 38 38 37 36 35 34 33 32 32 31 30 29 28 28 27 26 25 25 24 23 23 22 22 21 21 20 20 19 19
68 67 67 66 66 65 65 64 64 64 63 63 63 62 62 62 61 61 61 61 60 60 60 60 60 60 59 59 59 59 59 59 59 59 59 59 59 59 59 59 59 60 60 60 59 59 58 57 56 55 54 53 52 51 50 49 48 47 46 45 44 43 43 42 41 40 39 38 37 36 35 34 34 33 32 31 30 29 29 28 27 26 25 25 24 23 23 22 21 21 20 20 19 19 18 18
67 66 66 65 65 64 64 64 63 63 62 62 62 61 61 61 60 60 60 60 59 59 59 59 59 59 58 58 58 58 58 58 58 58 58 58 58 58 58 58 58 59 59 59 59 58 57 56 55 54 53 52 52 51 50 49 48 47 46 45 44 43 42 41 40 39 38 38 37 36 35 34 33 32 31 31 30 29 28 27 26 26 25 24 23 23 22 21 21 20 19 19 18 18 17 17
66 65 65 64 64 64 63 63 62 62 61 61 61 60 60 60 59 59 59 59 58 58 58 58 58 58 57 57 57 57 57 57 57 57 57 57 57 57 57 57 57 58 58 58 58 58 57 56 55 54 53 52 51 50 49 48 47 46 46 45 44 43 42 41 40 39 38 37 36 35 34 34 33 32 31 30 29 28 27 27 26 25 24 23 23 22 21 21 20 19 19 18 17 17 17 16
65 64 64 64 63 63 62 62 61 61 61 60 60 59 59 59 59 58 58 58 57 57 57 57 57 57 56 56 56 56 56 56 56 56 56 56 56 56 56 56 56 57 57 57 57 57 57 56 55 54 53 52 51 50 49 48 47 46 45 44 43 42 41 40 40 39 38 37 36 35 34 33 32 31 30 30 29 28 27 26 25 24 24 23 22 21 21 20 19 18 18 17 17 16 16 15
64 64 63 63 62 62 61 61 60 60 60 59 59 59 58 58 58 57 57 57 57 56 56 56 56 56 55 55 55 55 55 55 55 55 55 55 55 55 55 55 55 56 56 56 56 56 57 56 55 54 53 52 51 50 49 48 47 46 45 44 43 42 41 40 39 38 37 36 35 35 34 33 32 31 30 29 28 27 26 26 25 24 23 22 21 21 20 19 18 18 17 16 16 15 15 14
63 63 62 62 61 61 60 60 60 59 59 58 58 58 57 57 57 56 56 56 56 55 55 55 55 55 54 54 54 54 54 54 54 54 54 54 54 54 54 54 54 55 55 55 55 55 56 55 54 53 52 51 50 49 49 48 47 46 45 44 43 42 41 40 39 38 37 36 35 34 33 32 31 30 30 29 28 27 26 25 24 23 22 22 21 20 19 18 18 17 16 16 15 14 14 13
62 62 61 61 60 60 59 59 59 58 58 57 57 57 56 56 56 55 55 55 55 54 54 54 54 54 53 53 53 53 53 53 53 53 53 53 53 53 53 53 53 54 54 54 54 54 55 55 54 53 52 51 50 49 48 47 46 45 44 43 42 41 41 40 39 38 37 36 35 34 33 32 31 30 29 28 27 26 25 25 24 23 22 21 20 19 19 18 17 16 16 15 14 14 13 13
62 61 61 60 60 59 59 58 58 57 57 56 56 56 55 55 55 54 54 54 54 53 53 53 53 53 52 52 52 52 52 52 52 52 52 52 52 52 52 52 52 53 53 53 53 53 54 54 54 53 52 51 50 49 48 47 46 45 44 43 42 41 40 39 38 37 36 35 34 34 33 32 31 30 29 28 27 26 25 24 23 22 21 21 20 19 18 17 16 16 15 14 13 13 12 12
61 60 60 59 59 58 58 57 57 56 56 56 55 55 54 54 54 53 53 53 53 52 52 52 52 52 51 51 51 51 51 51 51 51 51 51 51 51 51 51 51 52 52 52 52 52 53 53 53 53 52 51 50 49 48 47 46 45 44 43 42 41 40 39 38 37 36 35 34 33 32 31 30 29 28 28 27 26 25 24 23 22 21 20 19 18 17 17 16 15 14 13 13 12 11 11
60 59 59 58 58 57 57 56 56 55 55 55 54 54 53 53 53 52 52 52 52 51 51 51 51 51 50 50 50 50 50 50 50 50 50 50 50 50 50 50 50 51 51 51 51 51 52 52 52 52 52 51 50 49 48 47 46 45 44 43 42 41 40 39 38 37 36 35 34 33 32 31 30 29 28 27 26 25 24 23 22 22 21 20 19 18 17 16 15 14 14 13 12 11 11 10
59 59 58 57 57 56 56 55 55 55 54 54 53 53 53 52 52 52 51 51 51 50 50 50 50 50 49 49 49 49 49 49 49 49 49 49 49 49 49 49 49 50 50 50 50 50 51 51 51 52 51 50 49 49 48 47 46 45 44 43 42 41 40 39 38 37 36 35 34 33 32 31 30 29 28 27 26 25 24 23 22 21 20 19 18 17 17 16 15 14 13 12 11 11 10 9
58 58 57 57 56 56 55 55 54 54 53 53 52 52 52 51 51 51 50 50 50 49 49 49 49 49 49 48 48 48 48 48 48 48 48 48 48 48 48 48 49 49 49 49 49 49 50 50 50 51 51 50 49 48 47 46 45 44 43 42 41 40 39 38 37 36 36 35 34 33 32 31 30 29 28 27 26 25 24 23 22 21 20 19 18 17 16 15 14 13 13 12 11 10 9 8
57 57 56 56 55 55 54 54 53 53 52 52 51 51 51 50 50 50 49 49 49 49 48 48 48 48 48 47 47 47 47 47 47 47 47 47 47 47 47 47 48 48 48 48 48 49 49 49 49 50 50 50 49 48 47 46 45 44 43 42 41 40 39 38 37 36 35 34 33 32 31 30 29 28 27 26 25 25 24 23 22 21 20 19 18 17 16 15 14 13 12 11 10 9 9 8
57 56 55 55 54 54 53 53 52 52 51 51 51 50 50 49 49 49 48 48 48 48 47 47 47 47 47 46 46 46 46 46 46 46 46 46 46 46 46 46 47 47 47 47 47 48 48 48 48 49 49 49 49 48 47 46 45 44 43 42 41 40 39 38 37 36 35 34 33 32 31 30 29 28 27 26 25 24 23 22 21 20 19 18 17 16 16 15 14 13 12 11 10 9 8 7
56 55 55 54 54 53 52 52 51 51 51 50 50 49 49 48 48 48 47 47 47 47 46 46 46 46 46 45 45 45 45 45 45 45 45 45 45 45 45 45 46 46 46 46 46 47 47 47 47 48 48 48 49 48 47 46 45 44 43 42 41 40 39 38 37 36 35 34 33 32 31 30 29 28 27 26 25 24 23 22 21 20 19 18 17 16 15 14 13 12 11 10 9 9 8 7
55 54 54 53 53 52 52 51 51 50 50 49 49 48 48 48 47 47 46 46 46 46 45 45 45 45 45 44 44 44 44 44 44 44 44 44 44 44 44 44 45 45 45 45 45 46 46 46 46 47 47 48 48 48 47 46 45 44 43 42 41 40 39 38 37 36 35 34 33 32 31 30 29 28 27 26 25 24 23 22 21 20 19 18 17 16 15 14 13 12 11 10 9 8 7 6
54 54 53 52 52 51 51 50 50 49 49 48 48 47 47 47 46 46 46 45 45 45 44 44 44 44 44 43 43 43 43 43 43 43 43 43 43 43 43 43 44 44 44 44 44 45 45 45 46 46 46 47 47 47 47 46 45 44 43 42 41 40 39 38 37 36 35 34 33 32 31 30 29 28 27 26 25 24 23 22 21 20 19 18 17 16 15 14 13 12 11 10 9 8 7 6
53 53 52 52 51 50 50 49 49 48 48 47 47 47 46 46 45 45 45 44 44 44 43 43 43 43 43 42 42 42 42 42 42 42 42 42 42 42 42 42 43 43 43 43 43 44 44 44 45 45 45 46 46 47 47 46 45 44 43 42 41 40 39 38 37 36 35 34 33 32 31 30 29 28 27 26 25 24 23 22 21 20 19 18 17 16 15 14 13 12 11 10 9 8 7 6
53 52 51 51 50 50 49 49 48 48 47 47 46 46 45 45 44 44 44 43 43 43 42 42 42 42 42 41 41 41 41 41 41 41 41 41 41 41 41 41 42 42 42 42 42 43 43 43 44 44 44 45 45 46 46 46 45 44 43 42 41 40 39 38 37 36 35 34 33 32 31 30 29 28 27 26 25 24 23 22 21 20 19 18 17 16 15 14 13 12 11 10 9 8 7 6
