data/grids/anth/KMTOCZ.asc
NCOLS 822 
NROWS 563 
XLLCORNER -58000 
YLLCORNER 5661000 
CELLSIZE 1000 
NODATA_value -9999 
[rows 344 to 386 of 563, columns 576 to 671 of 822]
76 75 75 74 74 73 73 72 72 72 71 71 71 70 70 70 69 69 69 68 68 68 68 67 67 67 67 67 67 66 66 66 66 66 66 66 66 66 66 66 66 66 66 66 66 66 67 67 67 67 67 67 68 68 68 68 69 69 69 70 70 70 71 71 71 71 70 70 69 69 68 67 67 66 66 65 65 64 64 64 63 63 62 62 61 61 61 60 60 60 59 59 59 59 58 58
75 74 74 73 73 72 72 72 71 71 70 70 70 69 69 69 68 68 68 67 67 67 67 66 66 66 66 66 66 65 65 65 65 65 65 65 65 65 65 65 65 65 65 65 65 65 66 66 66 66 66 66 67 67 67 67 68 68 68 69 69 69 70 70 70 70 69 69 68 68 67 67 66 66 65 64 64 64 63 63 62 62 61 61 61 60 60 59 59 59 59 58 58 58 57 57
74 73 73 72 72 72 71 71 70 70 69 69 69 68 68 68 67 67 67 66 66 66 66 66 65 65 65 65 65 64 64 64 64 64 64 64 64 64 64 64 64 64 64 64 64 64 65 65 65 65 65 66 66 66 66 66 67 67 67 68 68 68 69 69 69 69 69 68 67 67 66 66 65 65 64 64 63 63 62 62 61 61 60 60 60 59 59 59 58 58 58 57 57 57 57 56
73 73 72 72 71 71 70 70 69 69 69 68 68 67 67 67 66 66 66 66 65 65 65 65 64 64 64 64 64 64 63 63 63 63 63 63 63 63 63 63 63 63 63 63 63 64 64 64 64 64 64 65 65 65 65 66 66 66 66 67 67 67 68 68 69 68 68 67 67 66 65 65 64 64 63 63 62 62 61 61 60 60 60 59 59 58 58 58 57 57 57 56 56 56 56 55
72 72 71 71 70 70 69 69 68 68 68 67 67 66 66 66 65 65 65 65 64 64 64 64 63 63 63 63 63 63 62 62 62 62 62 62 62 62 62 62 62 62 62 62 62 63 63 63 63 63 63 64 64 64 64 65 65 65 65 66 66 66 67 67 68 68 67 66 66 65 65 64 64 63 62 62 61 61 60 60 59 59 59 58 58 57 57 57 56 56 56 55 55 55 55 54
71 71 70 70 69 69 68 68 68 67 67 66 66 66 65 65 65 64 64 64 63 63 63 63 62 62 62 62 62 62 61 61 61 61 61 61 61 61 61 61 61 61 61 61 61 62 62 62 62 62 62 63 63 63 63 64 64 64 65 65 65 66 66 66 67 67 66 66 65 64 64 63 63 62 62 61 61 60 60 59 59 58 58 57 57 56 56 56 55 55 55 54 54 54 54 53
70 70 69 69 68 68 68 67 67 66 66 65 65 65 64 64 64 63 63 63 62 62 62 62 61 61 61 61 61 61 60 60 60 60 60 60 60 60 60 60 60 60 60 60 60 61 61 61 61 61 61 62 62 62 62 63 63 63 64 64 64 65 65 65 66 66 65 65 64 64 63 62 62 61 61 60 60 59 59 58 58 57 57 56 56 56 55 55 54 54 54 53 53 53 53 52
70 69 69 68 68 67 67 66 66 65 65 64 64 64 63 63 63 62 62 62 61 61 61 61 60 60 60 60 60 60 59 59 59 59 59 59 59 59 59 59 59 59 59 59 59 60 60 60 60 60 60 61 61 61 61 62 62 62 63 63 63 64 64 64 65 65 65 64 63 63 62 62 61 60 60 59 59 58 58 57 57 56 56 55 55 55 54 54 53 53 53 52 52 52 52 51
69 68 68 67 67 66 66 65 65 64 64 64 63 63 62 62 62 61 61 61 60 60 60 60 59 59 59 59 59 59 58 58 58 58 58 58 58 58 58 58 58 58 58 58 58 59 59 59 59 59 59 60 60 60 60 61 61 61 62 62 62 63 63 64 64 64 64 63 63 62 61 61 60 60 59 59 58 57 57 56 56 55 55 55 54 54 53 53 53 52 52 52 51 51 51 50
68 67 67 66 66 65 65 64 64 64 63 63 62 62 61 61 61 60 60 60 59 59 59 59 58 58 58 58 58 58 57 57 57 57 57 57 57 57 57 57 57 57 57 57 57 58 58 58 58 58 58 59 59 59 59 60 60 60 61 61 61 62 62 63 63 64 63 62 62 61 61 60 59 59 58 58 57 57 56 56 55 55 54 54 53 53 52 52 52 51 51 51 50 50 50 49
67 67 66 66 65 64 64 64 63 63 62 62 61 61 61 60 60 59 59 59 59 58 58 58 57 57 57 57 57 57 56 56 56 56 56 56 56 56 56 56 56 56 56 56 56 57 57 57 57 57 57 58 58 58 59 59 59 59 60 60 61 61 61 62 62 63 62 62 61 60 60 59 59 58 57 57 56 56 55 55 54 54 53 53 52 52 51 51 51 50 50 50 49 49 49 49
66 66 65 65 64 64 63 63 62 62 61 61 60 60 60 59 59 59 58 58 58 57 57 57 57 56 56 56 56 56 55 55 55 55 55 55 55 55 55 55 55 55 55 55 55 56 56 56 56 56 57 57 57 57 58 58 58 59 59 59 60 60 60 61 61 62 62 61 60 60 59 58 58 57 57 56 55 55 54 54 53 53 52 52 51 51 51 50 50 49 49 49 48 48 48 48
65 65 64 64 63 63 62 62 61 61 60 60 60 59 59 58 58 58 57 57 57 56 56 56 56 55 55 55 55 55 54 54 54 54 54 54 54 54 54 54 54 54 54 54 54 55 55 55 55 55 56 56 56 56 57 57 57 58 58 58 59 59 60 60 60 61 61 60 60 59 58 58 57 56 56 55 55 54 54 53 52 52 51 51 51 50 50 49 49 48 48 48 47 47 47 47
65 64 64 63 62 62 61 61 60 60 59 59 59 58 58 57 57 57 56 56 56 55 55 55 55 54 54 54 54 54 53 53 53 53 53 53 53 53 53 53 53 53 53 53 53 54 54 54 54 54 55 55 55 55 56 56 56 57 57 57 58 58 59 59 59 60 60 59 59 58 57 57 56 56 55 54 54 53 53 52 52 51 51 50 50 49 49 48 48 48 47 47 46 46 46 46
64 63 63 62 62 61 61 60 60 59 59 58 58 57 57 56 56 56 55 55 55 54 54 54 54 53 53 53 53 53 52 52 52 52 52 52 52 52 52 52 52 52 52 52 52 53 53 53 53 53 54 54 54 54 55 55 55 56 56 56 57 57 58 58 59 59 59 59 58 57 57 56 55 55 54 54 53 52 52 51 51 50 50 49 49 48 48 47 47 47 46 46 46 45 45 45
63 62 62 61 61 60 60 59 59 58 58 57 57 56 56 56 55 55 54 54 54 53 53 53 53 52 52 52 52 52 51 51 51 51 51 51 51 51 51 51 51 51 51 51 51 52 52 52 52 52 53 53 53 53 54 54 54 55 55 56 56 56 57 57 58 58 59 58 57 57 56 55 55 54 53 53 52 52 51 50 50 49 49 48 48 47 47 47 46 46 45 45 45 44 44 44
62 62 61 60 60 59 59 58 58 57 57 56 56 55 55 55 54 54 53 53 53 52 52 52 52 51 51 51 51 51 50 50 50 50 50 50 50 50 50 50 50 50 50 50 50 51 51 51 51 51 52 52 52 52 53 53 53 54 54 55 55 55 56 56 57 57 58 57 57 56 55 55 54 53 53 52 51 51 50 50 49 49 48 48 47 47 46 46 45 45 44 44 44 43 43 43
61 61 60 60 59 59 58 57 57 56 56 55 55 55 54 54 53 53 53 52 52 52 51 51 51 50 50 50 50 50 49 49 49 49 49 49 49 49 49 49 49 49 49 49 49 50 50 50 50 50 51 51 51 52 52 52 53 53 53 54 54 55 55 55 56 56 57 57 56 55 54 54 53 52 52 51 51 50 49 49 48 48 47 47 46 46 45 45 44 44 43 43 43 42 42 42
61 60 59 59 58 58 57 57 56 56 55 55 54 54 53 53 52 52 52 51 51 51 50 50 50 49 49 49 49 49 49 48 48 48 48 48 48 48 48 48 48 48 48 48 49 49 49 49 49 49 50 50 50 51 51 51 52 52 52 53 53 54 54 55 55 56 56 56 55 54 54 53 52 52 51 50 50 49 49 48 47 47 46 46 45 45 44 44 43 43 43 42 42 41 41 41
60 59 59 58 57 57 56 56 55 55 54 54 53 53 52 52 51 51 51 50 50 50 49 49 49 49 48 48 48 48 48 47 47 47 47 47 47 47 47 47 47 47 47 47 48 48 48 48 48 49 49 49 49 50 50 50 51 51 51 52 52 53 53 54 54 55 55 55 54 54 53 52 52 51 50 50 49 48 48 47 47 46 45 45 44 44 43 43 42 42 42 41 41 40 40 40
59 58 58 57 57 56 55 55 54 54 53 53 52 52 51 51 51 50 50 49 49 49 48 48 48 48 47 47 47 47 47 46 46 46 46 46 46 46 46 46 46 46 46 46 47 47 47 47 47 48 48 48 48 49 49 49 50 50 51 51 51 52 52 53 53 54 54 54 54 53 52 52 51 50 50 49 48 48 47 46 46 45 45 44 44 43 43 42 42 41 41 40 40 40 39 39
58 58 57 56 56 55 55 54 54 53 52 52 51 51 51 50 50 49 49 48 48 48 47 47 47 47 46 46 46 46 46 45 45 45 45 45 45 45 45 45 45 45 45 45 46 46 46 46 46 47 47 47 47 48 48 48 49 49 50 50 51 51 51 52 52 53 54 54 53 52 52 51 50 50 49 48 48 47 46 46 45 44 44 43 43 42 42 41 41 40 40 39 39 39 38 38
57 57 56 56 55 54 54 53 53 52 52 51 51 50 50 49 49 48 48 48 47 47 46 46 46 46 45 45 45 45 45 44 44 44 44 44 44 44 44 44 44 44 44 44 45 45 45 45 45 46 46 46 46 47 47 48 48 48 49 49 50 50 51 51 52 52 53 53 52 52 51 50 49 49 48 47 47 46 45 45 44 44 43 42 42 41 41 40 40 39 39 38 38 38 37 37
57 56 55 55 54 54 53 52 52 51 51 50 50 49 49 48 48 47 47 47 46 46 46 45 45 45 44 44 44 44 44 43 43 43 43 43 43 43 43 43 43 43 43 43 44 44 44 44 44 45 45 45 46 46 46 47 47 47 48 48 49 49 50 50 51 51 52 52 52 51 50 50 49 48 47 47 46 45 45 44 43 43 42 42 41 40 40 39 39 38 38 38 37 37 36 36
56 55 55 54 53 53 52 52 51 50 50 49 49 48 48 47 47 47 46 46 45 45 45 44 44 44 43 43 43 43 43 42 42 42 42 42 42 42 42 42 42 42 42 42 43 43 43 43 43 44 44 44 45 45 45 46 46 47 47 47 48 48 49 49 50 50 51 52 51 50 50 49 48 47 47 46 45 45 44 43 43 42 41 41 40 40 39 39 38 38 37 37 36 36 35 35
55 55 54 53 53 52 51 51 50 50 49 49 48 48 47 47 46 46 45 45 44 44 44 43 43 43 42 42 42 42 42 41 41 41 41 41 41 41 41 41 41 41 41 41 42 42 42 42 42 43 43 43 44 44 44 45 45 46 46 47 47 48 48 49 49 50 50 51 50 50 49 48 47 47 46 45 45 44 43 43 42 41 41 40 39 39 38 38 37 37 36 36 35 35 35 34
54 54 53 52 52 51 51 50 49 49 48 48 47 47 46 46 45 45 44 44 43 43 43 42 42 42 41 41 41 41 41 40 40 40 40 40 40 40 40 40 40 40 40 40 41 41 41 41 41 42 42 42 43 43 43 44 44 45 45 46 46 47 47 48 48 49 49 50 50 49 48 48 47 46 45 45 44 43 42 42 41 40 40 39 39 38 37 37 36 36 35 35 34 34 34 33
54 53 52 52 51 50 50 49 49 48 47 47 46 46 45 45 44 44 43 43 43 42 42 41 41 41 41 40 40 40 40 39 39 39 39 39 39 39 39 39 39 39 39 39 40 40 40 40 41 41 41 41 42 42 43 43 43 44 44 45 45 46 46 47 47 48 49 49 49 48 48 47 46 45 45 44 43 42 42 41 40 40 39 38 38 37 37 36 36 35 34 34 34 33 33 32
53 52 52 51 50 50 49 48 48 47 47 46 45 45 44 44 43 43 42 42 42 41 41 40 40 40 40 39 39 39 39 38 38 38 38 38 38 38 38 38 38 38 38 38 39 39 39 39 40 40 40 40 41 41 42 42 42 43 43 44 44 45 45 46 47 47 48 48 49 48 47 46 45 45 44 43 42 42 41 40 40 39 38 38 37 36 36 35 35 34 34 33 33 32 32 31
52 52 51 50 50 49 48 48 47 46 46 45 45 44 44 43 43 42 42 41 41 40 40 40 39 39 39 38 38 38 38 37 37 37 37 37 37 37 37 37 37 37 37 37 38 38 38 38 39 39 39 40 40 40 41 41 42 42 43 43 44 44 45 45 46 46 47 48 48 47 46 46 45 44 43 43 42 41 40 40 39 38 38 37 36 36 35 34 34 33 33 32 32 31 31 30
52 51 50 50 49 48 48 47 46 46 45 44 44 43 43 42 42 41 41 40 40 39 39 39 38 38 38 37 37 37 37 36 36 36 36 36 36 36 36 36 36 36 36 36 37 37 37 37 38 38 38 39 39 39 40 40 41 41 42 42 43 43 44 44 45 46 46 47 47 47 46 45 44 43 43 42 41 40 40 39 38 37 37 36 35 35 34 34 33 32 32 31 31 30 30 30
51 50 49 49 48 47 47 46 45 45 44 44 43 42 42 41 41 40 40 39 39 38 38 38 37 37 37 36 36 36 36 36 35 35 35 35 35 35 35 35 35 35 35 36 36 36 36 36 37 37 37 38 38 38 39 39 40 40 41 41 42 42 43 44 44 45 45 46 47 46 45 44 44 43 42 41 40 40 39 38 37 37 36 35 35 34 33 33 32 32 31 31 30 30 29 29
50 50 49 48 47 47 46 45 45 44 43 43 42 42 41 40 40 39 39 38 38 38 37 37 36 36 36 35 35 35 35 35 34 34 34 34 34 34 34 34 34 34 34 35 35 35 35 35 36 36 36 37 37 38 38 38 39 39 40 40 41 42 42 43 43 44 45 45 46 45 45 44 43 42 41 41 40 39 38 38 37 36 35 35 34 33 33 32 31 31 30 30 29 29 28 28
50 49 48 47 47 46 45 45 44 43 43 42 41 41 40 40 39 39 38 38 37 37 36 36 35 35 35 34 34 34 34 34 33 33 33 33 33 33 33 33 33 33 33 34 34 34 34 34 35 35 35 36 36 37 37 38 38 39 39 40 40 41 41 42 43 43 44 45 45 45 44 43 42 42 41 40 39 38 38 37 36 35 35 34 33 33 32 31 31 30 29 29 28 28 27 27
49 48 47 47 46 45 45 44 43 43 42 41 41 40 39 39 38 38 37 37 36 36 35 35 35 34 34 34 33 33 33 33 32 32 32 32 32 32 32 32 32 32 32 33 33 33 33 34 34 34 35 35 35 36 36 37 37 38 38 39 39 40 41 41 42 43 43 44 45 44 44 43 42 41 40 39 39 38 37 36 35 35 34 33 33 32 31 30 30 29 29 28 27 27 26 26
48 48 47 46 45 45 44 43 42 42 41 40 40 39 39 38 37 37 36 36 35 35 34 34 34 33 33 33 32 32 32 32 31 31 31 31 31 31 31 31 31 31 31 32 32 32 32 33 33 33 34 34 34 35 35 36 36 37 37 38 39 39 40 40 41 42 42 43 44 44 43 42 41 40 40 39 38 37 36 36 35 34 33 33 32 31 30 30 29 28 28 27 27 26 26 25
48 47 46 45 45 44 43 42 42 41 40 40 39 38 38 37 37 36 36 35 34 34 34 33 33 32 32 32 31 31 31 31 30 30 30 30 30 30 30 30 30 30 30 31 31 31 31 32 32 32 33 33 34 34 34 35 36 36 37 37 38 38 39 40 40 41 42 42 43 43 43 42 41 40 39 38 37 37 36 35 34 33 33 32 31 30 30 29 28 28 27 26 26 25 25 24
47 46 45 45 44 43 42 42 41 40 40 39 38 38 37 36 36 35 35 34 34 33 33 32 32 31 31 31 30 30 30 30 29 29 29 29 29 29 29 29 29 29 29 30 30 30 30 31 31 31 32 32 33 33 34 34 35 35 36 36 37 38 38 39 40 40 41 42 42 43 42 41 40 39 39 38 37 36 35 34 34 33 32 31 30 30 29 28 28 27 26 26 25 24 24 23
46 46 45 44 43 43 42 41 40 40 39 38 38 37 36 36 35 34 34 33 33 32 32 31 31 30 30 30 29 29 29 29 28 28 28 28 28 28 28 28 28 28 28 29 29 29 29 30 30 30 31 31 32 32 33 33 34 34 35 36 36 37 38 38 39 40 40 41 42 42 42 41 40 39 38 37 36 36 35 34 33 32 31 31 30 29 28 28 27 26 25 25 24 24 23 22
46 45 44 43 43 42 41 40 40 39 38 37 37 36 35 35 34 34 33 32 32 31 31 30 30 30 29 29 28 28 28 28 27 27 27 27 27 27 27 27 27 27 27 28 28 28 28 29 29 30 30 30 31 31 32 32 33 34 34 35 35 36 37 37 38 39 40 40 41 42 41 40 39 38 38 37 36 35 34 33 32 32 31 30 29 28 28 27 26 25 25 24 23 23 22 22
45 44 44 43 42 41 40 40 39 38 37 37 36 35 35 34 33 33 32 32 31 31 30 30 29 29 28 28 28 27 27 27 26 26 26 26 26 26 26 26 26 26 26 27 27 27 28 28 28 29 29 30 30 31 31 32 32 33 33 34 35 35 36 37 37 38 39 40 40 41 41 40 39 38 37 36 35 34 34 33 32 31 30 29 29 28 27 26 25 25 24 23 23 22 21 21
45 44 43 42 41 41 40 39 38 38 37 36 35 35 34 33 33 32 31 31 30 30 29 29 28 28 27 27 27 26 26 26 25 25 25 25 25 25 25 25 25 25 25 26 26 26 27 27 27 28 28 29 29 30 30 31 31 32 33 33 34 35 35 36 37 38 38 39 40 41 40 39 38 38 37 36 35 34 33 32 31 31 30 29 28 27 26 26 25 24 23 23 22 21 21 20
44 43 42 42 41 40 39 38 38 37 36 35 35 34 33 33 32 31 31 30 29 29 28 28 27 27 26 26 26 25 25 25 25 24 24 24 24 24 24 24 24 24 25 25 25 25 26 26 26 27 27 28 28 29 29 30 31 31 32 33 33 34 35 35 36 37 38 38 39 40 40 39 38 37 36 35 34 34 33 32 31 30 29 28 27 27 26 25 24 23 23 22 21 21 20 19
