data/grids/anth/KMTORZ.asc
NCOLS 822 
NROWS 563 
XLLCORNER -58000 
YLLCORNER 5661000 
CELLSIZE 1000 
NODATA_value -9999 
[rows 138 to 183 of 563, columns 96 to 191 of 822]
108 107 106 105 105 104 103 103 102 102 101 100 100 99 98 98 97 97 96 95 95 94 94 93 93 92 92 91 91 90 90 89 89 88 88 87 87 86 86 85 85 85 84 84 84 83 83 83 82 82 82 81 81 81 80 79 78 77 76 75 74 73 72 71 70 69 68 67 66 65 64 63 62 61 60 59 58 57 56 55 54 53 52 52 51 50 49 48 47 46 45 44 43 42 41 40
108 108 107 106 106 105 104 104 103 102 102 101 100 100 99 99 98 97 97 96 96 95 95 94 93 93 92 92 91 91 90 90 89 89 89 88 88 87 87 86 86 86 85 85 85 84 84 83 83 83 83 82 82 81 80 79 78 77 76 75 74 73 72 71 70 69 68 67 66 65 64 63 62 61 60 59 59 58 57 56 55 54 53 52 51 50 49 48 47 46 45 44 43 43 42 41
109 108 108 107 106 106 105 104 104 103 102 102 101 101 100 99 99 98 98 97 97 96 95 95 94 94 93 93 92 92 91 91 90 90 89 89 89 88 88 87 87 87 86 86 85 85 85 84 84 84 84 83 82 81 80 79 78 77 76 75 74 73 72 71 70 69 68 67 66 66 65 64 63 62 61 60 59 58 57 56 55 54 53 52 51 50 49 48 48 47 46 45 44 43 42 41
110 109 108 108 107 106 106 105 104 104 103 103 102 101 101 100 100 99 98 98 97 97 96 96 95 95 94 94 93 93 92 92 91 91 90 90 89 89 89 88 88 87 87 87 86 86 86 85 85 85 84 83 82 81 80 79 78 77 76 75 74 73 73 72 71 70 69 68 67 66 65 64 63 62 61 60 59 58 57 56 55 54 53 53 52 51 50 49 48 47 46 45 44 43 42 42
110 110 109 108 108 107 107 106 105 105 104 103 103 102 102 101 100 100 99 99 98 98 97 97 96 96 95 95 94 94 93 93 92 92 91 91 90 90 90 89 89 88 88 88 87 87 87 86 86 85 84 83 82 81 81 80 79 78 77 76 75 74 73 72 71 70 69 68 67 66 65 64 63 62 61 60 59 59 58 57 56 55 54 53 52 51 50 49 48 47 47 46 45 44 43 42
111 111 110 109 109 108 107 107 106 105 105 104 104 103 102 102 101 101 100 100 99 98 98 97 97 96 96 95 95 94 94 93 93 93 92 92 91 91 90 90 90 89 89 89 88 88 88 87 87 86 85 84 83 82 81 80 79 78 77 76 75 74 73 72 71 70 69 68 67 66 65 65 64 63 62 61 60 59 58 57 56 55 54 53 52 51 51 50 49 48 47 46 45 44 43 43
112 111 111 110 109 109 108 107 107 106 106 105 104 104 103 103 102 102 101 100 100 99 99 98 98 97 97 96 96 95 95 94 94 93 93 93 92 92 91 91 91 90 90 90 89 89 89 88 87 86 85 84 83 82 81 80 79 78 77 76 75 74 73 72 71 71 70 69 68 67 66 65 64 63 62 61 60 59 58 57 56 56 55 54 53 52 51 50 49 48 47 47 46 45 44 43
111 110 110 110 109 109 108 108 108 107 106 106 105 105 104 103 103 102 102 101 101 100 100 99 99 98 98 97 97 96 96 95 95 94 94 94 93 93 92 92 92 91 91 90 90 90 89 88 87 86 85 84 83 82 81 80 79 78 77 77 76 75 74 73 72 71 70 69 68 67 66 65 64 63 62 61 61 60 59 58 57 56 55 54 53 52 51 51 50 49 48 47 46 45 44 44
110 110 109 109 108 108 108 107 107 106 106 106 105 105 105 104 104 103 103 102 102 101 100 100 99 99 98 98 98 97 97 96 96 95 95 94 94 94 93 93 92 92 92 91 91 90 89 88 87 86 85 84 84 83 82 81 80 79 78 77 76 75 74 73 72 71 70 69 68 67 66 66 65 64 63 62 61 60 59 58 57 56 55 55 54 53 52 51 50 49 48 48 47 46 45 44
109 109 108 108 107 107 107 106 106 105 105 105 104 104 104 103 103 103 102 102 102 102 101 101 100 100 99 99 98 98 97 97 97 96 96 95 95 95 94 94 93 93 93 92 91 91 90 89 88 87 86 85 84 83 82 81 80 79 78 77 76 75 74 73 72 72 71 70 69 68 67 66 65 64 63 62 61 60 60 59 58 57 56 55 54 53 52 51 51 50 49 48 47 46 45 45
108 108 107 107 107 106 106 105 105 105 104 104 103 103 103 102 102 102 102 101 101 101 100 100 100 100 99 99 99 99 98 98 98 97 97 96 96 95 95 95 94 94 94 93 92 91 90 89 88 87 86 85 84 83 82 81 80 79 78 77 77 76 75 74 73 72 71 70 69 68 67 66 65 64 64 63 62 61 60 59 58 57 56 55 55 54 53 52 51 50 49 49 48 47 46 45
107 107 106 106 106 105 105 104 104 104 103 103 103 102 102 102 101 101 101 100 100 100 99 99 99 99 98 98 98 98 98 97 97 97 97 97 97 96 96 96 95 95 94 93 92 91 90 89 88 87 86 85 84 83 83 82 81 80 79 78 77 76 75 74 73 72 71 70 69 69 68 67 66 65 64 63 62 61 60 59 59 58 57 56 55 54 53 52 52 51 50 49 48 47 47 46
106 106 106 105 105 104 104 103 103 103 102 102 102 101 101 101 100 100 100 99 99 99 98 98 98 98 98 97 97 97 97 97 96 96 96 96 96 96 96 95 95 95 94 93 92 91 90 89 89 88 87 86 85 84 83 82 81 80 79 78 77 76 75 74 74 73 72 71 70 69 68 67 66 65 64 64 63 62 61 60 59 58 57 56 56 55 54 53 52 51 50 50 49 48 47 46
106 105 105 104 104 103 103 103 102 102 101 101 101 100 100 100 99 99 99 98 98 98 98 97 97 97 97 96 96 96 96 96 95 95 95 95 95 95 95 94 94 94 94 94 93 92 91 90 89 88 87 86 85 84 83 82 81 80 79 79 78 77 76 75 74 73 72 71 70 69 68 68 67 66 65 64 63 62 61 60 60 59 58 57 56 55 54 54 53 52 51 50 49 49 48 47
105 104 104 103 103 102 102 102 101 101 100 100 100 99 99 99 98 98 98 97 97 97 97 96 96 96 96 95 95 95 95 95 94 94 94 94 94 94 94 93 93 93 93 93 93 92 91 90 89 88 87 86 85 85 84 83 82 81 80 79 78 77 76 75 74 73 72 72 71 70 69 68 67 66 65 64 64 63 62 61 60 59 58 57 57 56 55 54 53 52 52 51 50 49 48 48
104 103 103 102 102 102 101 101 100 100 100 99 99 98 98 98 97 97 97 96 96 96 96 95 95 95 95 94 94 94 94 94 93 93 93 93 93 93 93 92 92 92 92 92 92 92 91 90 90 89 88 87 86 85 84 83 82 81 80 79 78 77 77 76 75 74 73 72 71 70 69 68 68 67 66 65 64 63 62 61 61 60 59 58 57 56 55 55 54 53 52 51 51 50 49 48
103 102 102 102 101 101 100 100 99 99 99 98 98 97 97 97 96 96 96 96 95 95 95 94 94 94 94 93 93 93 93 93 92 92 92 92 92 92 92 91 91 91 91 91 91 91 91 91 90 89 88 87 86 85 84 83 82 82 81 80 79 78 77 76 75 74 73 72 72 71 70 69 68 67 66 65 64 64 63 62 61 60 59 59 58 57 56 55 54 54 53 52 51 50 50 49
102 102 101 101 100 100 99 99 98 98 98 97 97 97 96 96 96 95 95 95 94 94 94 93 93 93 93 92 92 92 92 92 91 91 91 91 91 91 91 90 90 90 90 90 90 90 90 90 90 89 88 87 87 86 85 84 83 82 81 80 79 78 77 76 76 75 74 73 72 71 70 69 68 68 67 66 65 64 63 62 62 61 60 59 58 57 57 56 55 54 53 53 52 51 50 50
101 101 100 100 99 99 98 98 98 97 97 96 96 96 95 95 95 94 94 94 93 93 93 92 92 92 92 91 91 91 91 91 90 90 90 90 90 90 90 89 89 89 89 89 89 89 89 89 89 89 89 88 87 86 85 84 83 82 81 81 80 79 78 77 76 75 74 73 72 72 71 70 69 68 67 66 66 65 64 63 62 61 60 60 59 58 57 56 56 55 54 53 52 52 51 50
100 100 99 99 98 98 98 97 97 96 96 95 95 95 94 94 94 93 93 93 92 92 92 91 91 91 91 90 90 90 90 90 89 89 89 89 89 89 89 88 88 88 88 88 88 88 88 88 88 88 88 88 87 86 85 85 84 83 82 81 80 79 78 77 76 76 75 74 73 72 71 70 69 69 68 67 66 65 64 64 63 62 61 60 59 59 58 57 56 55 55 54 53 52 52 51
99 99 98 98 97 97 97 96 96 95 95 95 94 94 93 93 93 92 92 92 91 91 91 91 90 90 90 89 89 89 89 89 88 88 88 88 88 88 88 87 87 87 87 87 87 87 87 87 87 87 87 87 87 87 86 85 84 83 82 81 80 80 79 78 77 76 75 74 73 73 72 71 70 69 68 67 67 66 65 64 63 62 62 61 60 59 58 58 57 56 55 55 54 53 52 52
98 98 98 97 97 96 96 95 95 94 94 94 93 93 92 92 92 91 91 91 90 90 90 90 89 89 89 89 88 88 88 88 87 87 87 87 87 87 87 86 86 86 86 86 86 86 86 86 86 86 86 86 86 86 86 85 85 84 83 82 81 80 79 78 77 77 76 75 74 73 72 71 70 70 69 68 67 66 65 65 64 63 62 61 61 60 59 58 57 57 56 55 54 54 53 52
98 97 97 96 96 95 95 94 94 94 93 93 92 92 92 91 91 90 90 90 89 89 89 89 88 88 88 88 87 87 87 87 86 86 86 86 86 86 86 85 85 85 85 85 85 85 85 85 85 85 85 85 85 85 85 85 85 84 83 82 81 81 80 79 78 77 76 75 74 74 73 72 71 70 69 69 68 67 66 65 64 64 63 62 61 60 60 59 58 57 57 56 55 54 54 53
97 96 96 95 95 94 94 93 93 93 92 92 91 91 91 90 90 90 89 89 89 88 88 88 87 87 87 87 86 86 86 86 86 85 85 85 85 85 85 84 84 84 84 84 84 84 84 84 84 84 84 84 84 84 84 84 84 84 84 83 82 81 80 79 78 78 77 76 75 74 73 72 72 71 70 69 68 67 67 66 65 64 63 63 62 61 60 60 59 58 57 57 56 55 54 54
96 95 95 94 94 93 93 93 92 92 91 91 90 90 90 89 89 89 88 88 88 87 87 87 86 86 86 86 85 85 85 85 85 84 84 84 84 84 84 83 83 83 83 83 83 83 83 83 83 83 83 83 83 83 83 83 83 83 84 83 82 81 81 80 79 78 77 76 75 75 74 73 72 71 70 70 69 68 67 66 66 65 64 63 62 62 61 60 59 59 58 57 57 56 55 54
95 95 94 94 93 93 92 92 91 91 90 90 90 89 89 88 88 88 87 87 87 86 86 86 85 85 85 85 84 84 84 84 84 83 83 83 83 83 83 82 82 82 82 82 82 82 82 82 82 82 82 82 82 82 82 82 82 82 83 83 83 82 81 80 79 79 78 77 76 75 74 73 73 72 71 70 69 69 68 67 66 65 65 64 63 62 62 61 60 59 59 58 57 57 56 55
94 94 93 93 92 92 91 91 90 90 89 89 89 88 88 87 87 87 86 86 86 85 85 85 84 84 84 84 83 83 83 83 83 82 82 82 82 82 82 81 81 81 81 81 81 81 81 81 81 81 81 81 81 81 81 81 81 81 82 82 82 82 82 81 80 79 78 77 77 76 75 74 73 72 72 71 70 69 68 68 67 66 65 65 64 63 62 62 61 60 59 59 58 57 57 56
93 93 92 92 91 91 90 90 89 89 89 88 88 87 87 87 86 86 85 85 85 84 84 84 84 83 83 83 82 82 82 82 82 81 81 81 81 81 81 81 80 80 80 80 80 80 80 80 80 80 80 80 80 80 80 80 80 81 81 81 81 81 81 81 80 80 79 78 77 76 75 75 74 73 72 71 71 70 69 68 67 67 66 65 64 64 63 62 62 61 60 59 59 58 57 57
92 92 91 91 90 90 89 89 89 88 88 87 87 86 86 86 85 85 85 84 84 83 83 83 83 82 82 82 81 81 81 81 81 80 80 80 80 80 80 80 79 79 79 79 79 79 79 79 79 79 79 79 79 79 79 79 79 80 80 80 80 80 80 80 81 80 79 78 78 77 76 75 74 74 73 72 71 70 70 69 68 67 67 66 65 64 64 63 62 62 61 60 59 59 58 57
92 91 91 90 90 89 89 88 88 87 87 86 86 85 85 85 84 84 84 83 83 83 82 82 82 81 81 81 81 80 80 80 80 79 79 79 79 79 79 79 78 78 78 78 78 78 78 78 78 78 78 78 78 78 78 78 78 79 79 79 79 79 79 79 80 80 80 79 78 77 77 76 75 74 73 73 72 71 70 70 69 68 67 67 66 65 64 64 63 62 62 61 60 59 59 58
91 90 90 89 89 88 88 87 87 86 86 85 85 85 84 84 83 83 83 82 82 82 81 81 81 80 80 80 80 79 79 79 79 78 78 78 78 78 78 78 77 77 77 77 77 77 77 77 77 77 77 77 77 77 77 77 77 78 78 78 78 78 78 78 79 79 79 79 79 78 77 76 76 75 74 73 72 72 71 70 69 69 68 67 66 66 65 64 64 63 62 62 61 60 59 58
90 89 89 88 88 87 87 86 86 85 85 85 84 84 83 83 82 82 82 81 81 81 80 80 80 79 79 79 79 78 78 78 78 77 77 77 77 77 77 77 76 76 76 76 76 76 76 76 76 76 76 76 76 76 76 76 76 77 77 77 77 77 77 77 78 78 78 78 79 79 78 77 76 75 75 74 73 72 72 71 70 69 69 68 67 66 66 65 64 64 63 62 61 60 60 59
89 89 88 87 87 86 86 85 85 85 84 84 83 83 82 82 82 81 81 80 80 80 79 79 79 78 78 78 78 77 77 77 77 76 76 76 76 76 76 76 75 75 75 75 75 75 75 75 75 75 75 75 75 75 75 75 75 76 76 76 76 76 76 76 77 77 77 77 78 78 78 78 77 76 75 75 74 73 72 72 71 70 69 69 68 67 66 66 65 64 64 63 62 61 60 59
88 88 87 87 86 86 85 85 84 84 83 83 82 82 81 81 81 80 80 79 79 79 78 78 78 77 77 77 77 76 76 76 76 76 75 75 75 75 75 75 74 74 74 74 74 74 74 74 74 74 74 74 74 74 74 74 74 75 75 75 75 75 75 76 76 76 76 76 77 77 77 77 77 77 76 75 74 74 73 72 71 71 70 69 69 68 67 67 66 65 64 63 62 61 61 60
87 87 86 86 85 85 84 84 83 83 82 82 81 81 81 80 80 79 79 79 78 78 77 77 77 77 76 76 76 75 75 75 75 75 74 74 74 74 74 74 73 73 73 73 73 73 73 73 73 73 73 73 73 73 73 73 73 74 74 74 74 74 74 75 75 75 75 75 76 76 76 77 77 77 77 76 75 74 74 73 72 71 71 70 69 69 68 67 66 65 64 64 63 62 61 60
86 86 85 85 84 84 83 83 82 82 81 81 80 80 80 79 79 78 78 78 77 77 77 76 76 76 75 75 75 74 74 74 74 74 73 73 73 73 73 73 72 72 72 72 72 72 72 72 72 72 72 72 72 72 72 72 72 73 73 73 73 73 73 74 74 74 74 74 75 75 75 76 76 76 77 76 76 75 74 74 73 72 71 71 70 69 68 68 67 66 65 64 63 62 62 61
85 85 85 84 84 83 82 82 81 81 81 80 80 79 79 78 78 77 77 77 76 76 76 75 75 75 74 74 74 73 73 73 73 73 72 72 72 72 72 72 71 71 71 71 71 71 71 71 71 71 71 71 71 71 71 71 71 72 72 72 72 72 72 73 73 73 73 73 74 74 74 75 75 75 76 76 76 76 75 74 74 73 72 71 71 70 69 68 67 66 66 65 64 63 62 61
84 84 84 83 83 82 82 81 81 80 80 79 79 78 78 77 77 77 76 76 75 75 75 74 74 74 73 73 73 73 72 72 72 72 71 71 71 71 71 71 70 70 70 70 70 70 70 70 70 70 70 70 70 70 70 70 70 71 71 71 71 71 71 72 72 72 72 73 73 73 73 74 74 74 75 75 75 76 76 75 74 74 73 72 71 70 69 69 68 67 66 65 64 64 63 62
83 83 83 82 82 81 81 80 80 79 79 78 78 77 77 76 76 76 75 75 74 74 74 73 73 73 72 72 72 72 71 71 71 71 70 70 70 70 70 70 69 69 69 69 69 69 69 69 69 69 69 69 69 69 69 69 69 70 70 70 70 70 70 71 71 71 71 72 72 72 72 73 73 73 74 74 74 75 75 76 75 74 73 73 72 71 70 69 68 67 67 66 65 64 63 62
82 82 82 82 81 80 80 79 79 78 78 77 77 76 76 76 75 75 74 74 74 73 73 72 72 72 71 71 71 71 70 70 70 70 69 69 69 69 69 69 68 68 68 68 68 68 68 68 68 68 68 68 68 68 68 68 68 69 69 69 69 69 69 70 70 70 70 71 71 71 71 72 72 72 73 73 74 74 74 75 75 75 74 73 72 71 70 70 69 68 67 66 65 65 64 63
81 81 81 81 80 80 79 79 78 78 77 77 76 76 75 75 74 74 73 73 73 72 72 72 71 71 71 70 70 70 69 69 69 69 68 68 68 68 68 68 67 67 67 67 67 67 67 67 67 67 67 67 67 67 67 67 67 68 68 68 68 68 68 69 69 69 69 70 70 70 71 71 71 72 72 72 73 73 73 74 74 75 74 74 73 72 71 70 69 69 68 67 66 65 64 64
80 81 80 80 79 79 78 78 77 77 76 76 75 75 74 74 73 73 72 72 72 71 71 71 70 70 70 69 69 69 68 68 68 68 67 67 67 67 67 67 66 66 66 66 66 66 66 66 66 66 66 66 66 66 66 66 66 67 67 67 67 67 67 68 68 68 68 69 69 69 70 70 70 71 71 71 72 72 72 73 73 74 74 74 73 72 72 71 70 69 68 67 67 66 65 64
79 80 80 79 78 78 77 77 76 76 75 75 74 74 73 73 72 72 72 71 71 70 70 70 69 69 69 68 68 68 67 67 67 67 66 66 66 66 66 66 65 65 65 65 65 65 65 65 65 65 65 65 65 65 65 65 65 66 66 66 66 66 66 67 67 67 67 68 68 68 69 69 69 70 70 70 71 71 72 72 72 73 73 74 74 73 72 71 70 70 69 68 67 66 66 65
78 79 79 78 78 77 77 76 75 75 74 74 73 73 72 72 72 71 71 70 70 69 69 69 68 68 68 67 67 67 66 66 66 66 66 65 65 65 65 65 64 64 64 64 64 64 64 64 64 64 64 64 64 64 64 64 64 65 65 65 65 65 66 66 66 66 66 67 67 67 68 68 68 69 69 69 70 70 71 71 72 72 72 73 73 73 73 72 71 70 69 69 68 67 66 65
77 78 78 77 77 76 76 75 75 74 74 73 73 72 72 71 71 70 70 69 69 69 68 68 67 67 67 66 66 66 66 65 65 65 65 64 64 64 64 64 64 63 63 63 63 63 63 63 63 63 63 63 63 63 63 63 64 64 64 64 64 64 65 65 65 65 66 66 66 66 67 67 67 68 68 69 69 69 70 70 71 71 72 72 73 73 73 72 72 71 70 69 68 68 67 66
76 77 77 77 76 75 75 74 74 73 73 72 72 71 71 70 70 69 69 68 68 68 67 67 66 66 66 65 65 65 65 64 64 64 64 63 63 63 63 63 63 62 62 62 62 62 62 62 62 62 62 62 62 62 62 62 63 63 63 63 63 63 64 64 64 64 65 65 65 65 66 66 66 67 67 68 68 68 69 69 70 70 71 71 72 72 73 73 72 71 71 70 69 68 67 67
