data/grids/anth/KMTORZ.asc
NCOLS 822 
NROWS 563 
XLLCORNER -58000 
YLLCORNER 5661000 
CELLSIZE 1000 
NODATA_value -9999 
[rows 414 to 459 of 563, columns 96 to 191 of 822]
22 21 20 19 18 17 16 15 14 13 12 11 10 9 8 7 6 5 4 4 3 2 2 1 0 0 1 2 3 4 5 6 7 8 9 10 11 12 13 14 15 16 17 18 19 20 21 22 23 24 25 26 27 28 29 30 31 32 33 34 35 36 37 38 39 40 41 41 41 40 39 39 38 38 37 37 36 36 35 35 35 34 34 34 33 33 33 33 32 32 32 32 32 32 32 32
22 21 20 19 18 17 16 15 14 13 12 11 10 9 9 8 7 6 5 4 4 3 2 1 1 1 1 2 3 4 5 6 7 8 9 10 11 12 13 14 15 16 17 18 19 20 21 22 23 24 25 26 27 28 29 30 31 32 33 34 35 36 37 38 39 40 41 40 40 39 39 38 37 37 36 36 35 35 34 34 34 33 33 33 32 32 32 32 31 31 31 31 31 31 31 31
22 21 20 19 18 17 16 16 15 14 13 12 11 10 9 8 7 6 6 5 4 4 3 2 2 2 2 3 4 4 5 6 7 8 9 10 11 12 13 14 15 16 17 18 19 20 21 22 23 24 25 26 27 28 29 30 31 32 33 34 35 36 37 38 39 40 40 40 39 38 38 37 37 36 36 35 34 34 34 33 33 32 32 32 31 31 31 31 30 30 30 30 30 30 30 30
23 22 21 20 19 18 17 16 15 14 13 12 11 10 9 9 8 7 6 6 5 4 4 3 3 3 3 4 4 5 6 7 8 9 9 10 11 12 13 14 15 16 17 18 19 20 21 22 23 24 25 26 27 28 29 30 31 32 33 34 35 36 37 38 39 40 40 39 38 38 37 36 36 35 35 34 34 33 33 32 32 31 31 31 30 30 30 30 29 29 29 29 29 29 29 29
23 22 21 20 19 18 17 16 15 14 13 13 12 11 10 9 8 8 7 6 6 5 4 4 4 4 4 4 5 6 6 7 8 9 10 11 12 13 14 15 16 16 17 18 19 20 21 22 23 24 25 26 27 28 29 30 31 32 33 34 35 36 37 38 39 40 39 38 38 37 36 36 35 34 34 33 33 32 32 31 31 30 30 30 29 29 29 29 28 28 28 28 28 28 28 28
23 22 21 20 19 18 17 17 16 15 14 13 12 11 11 10 9 9 8 7 6 6 5 5 5 5 5 5 6 6 7 8 9 9 10 11 12 13 14 15 16 17 18 19 20 21 22 23 24 25 25 26 27 28 29 30 31 32 33 34 35 36 37 38 39 39 38 37 37 36 35 35 34 34 33 32 32 31 31 30 30 30 29 29 28 28 28 28 27 27 27 27 27 27 27 27
23 22 22 21 20 19 18 17 16 15 14 14 13 12 11 11 10 9 8 8 7 7 6 6 6 6 6 6 7 7 8 8 9 10 11 12 13 13 14 15 16 17 18 19 20 21 22 23 24 25 26 27 28 29 30 31 32 33 34 35 36 36 37 38 39 38 37 37 36 35 35 34 33 33 32 32 31 31 30 30 29 29 28 28 28 27 27 27 26 26 26 26 26 26 26 26
24 23 22 21 20 19 18 17 17 16 15 14 13 13 12 11 11 10 9 9 8 8 7 7 7 7 7 7 8 8 9 9 10 11 11 12 13 14 15 16 17 17 18 19 20 21 22 23 24 25 26 27 28 29 30 31 32 33 34 35 36 37 38 39 38 38 37 36 35 35 34 33 33 32 31 31 30 30 29 29 28 28 27 27 27 26 26 26 25 25 25 25 25 25 25 25
24 23 22 21 21 20 19 18 17 16 16 15 14 13 13 12 11 11 10 9 9 9 8 8 8 8 8 8 9 9 9 10 11 11 12 13 14 14 15 16 17 18 19 20 21 22 22 23 24 25 26 27 28 29 30 31 32 33 34 35 36 37 38 38 38 37 36 35 35 34 33 33 32 31 31 30 29 29 28 28 27 27 26 26 26 25 25 25 25 24 24 24 24 24 24 24
25 24 23 22 21 20 19 19 18 17 16 16 15 14 13 13 12 11 11 10 10 9 9 9 9 9 9 9 9 10 10 11 11 12 13 13 14 15 16 17 17 18 19 20 21 22 23 24 25 26 27 28 28 29 30 31 32 33 34 35 36 37 38 38 37 36 35 35 34 33 33 32 31 30 30 29 29 28 27 27 26 26 25 25 25 24 24 24 24 23 23 23 23 23 23 23
25 24 23 22 22 21 20 19 18 18 17 16 16 15 14 13 13 12 12 11 11 10 10 10 10 10 10 10 10 11 11 12 12 13 13 14 15 16 16 17 18 19 20 21 21 22 23 24 25 26 27 28 29 30 31 32 33 34 34 35 36 37 38 37 36 36 35 34 33 33 32 31 30 30 29 28 28 27 27 26 26 25 25 24 24 23 23 23 23 22 22 22 22 22 22 22
26 25 24 23 22 21 21 20 19 18 18 17 16 16 15 14 14 13 13 12 12 11 11 11 11 11 11 11 11 12 12 13 13 14 14 15 16 16 17 18 19 19 20 21 22 23 24 25 25 26 27 28 29 30 31 32 33 34 35 36 37 38 37 37 36 35 34 33 33 32 31 30 30 29 28 28 27 26 26 25 25 24 24 23 23 22 22 22 22 21 21 21 21 21 21 21
26 25 24 24 23 22 21 21 20 19 18 18 17 16 16 15 14 14 13 13 13 12 12 12 12 12 12 12 12 13 13 13 14 14 15 16 16 17 18 18 19 20 21 22 22 23 24 25 26 27 28 29 30 30 31 32 33 34 35 36 37 38 37 36 35 34 34 33 32 31 30 30 29 28 28 27 26 26 25 24 24 23 23 22 22 22 21 21 21 20 20 20 20 20 20 20
27 26 25 24 23 23 22 21 21 20 19 18 18 17 16 16 15 15 14 14 14 13 13 13 13 13 13 13 13 14 14 14 15 15 16 16 17 18 18 19 20 21 21 22 23 24 25 26 26 27 28 29 30 31 32 33 34 35 35 36 37 37 36 36 35 34 33 32 31 31 30 29 28 28 27 26 25 25 24 24 23 22 22 21 21 21 20 20 20 19 19 19 19 19 19 19
27 26 26 25 24 23 23 22 21 21 20 19 18 18 17 17 16 16 15 15 15 14 14 14 14 14 14 14 14 15 15 15 16 16 17 17 18 18 19 20 21 21 22 23 24 24 25 26 27 28 29 30 30 31 32 33 34 35 36 37 38 37 36 35 34 33 32 32 31 30 29 28 28 27 26 25 25 24 23 23 22 22 21 21 20 20 19 19 19 18 18 18 18 18 18 18
28 27 26 25 25 24 23 23 22 21 21 20 19 19 18 17 17 17 16 16 16 15 15 15 15 15 15 15 15 16 16 16 17 17 17 18 19 19 20 21 21 22 23 23 24 25 26 27 27 28 29 30 31 32 33 34 34 35 36 37 37 36 35 34 34 33 32 31 30 29 29 28 27 26 25 25 24 23 23 22 21 21 20 20 19 19 18 18 18 17 17 17 17 17 17 17
28 28 27 26 25 25 24 23 23 22 21 21 20 19 19 18 18 17 17 17 16 16 16 16 16 16 16 16 16 16 17 17 17 18 18 19 19 20 21 21 22 23 23 24 25 26 26 27 28 29 30 31 31 32 33 34 35 36 37 38 37 36 35 34 33 32 31 31 30 29 28 27 26 26 25 24 23 23 22 21 21 20 19 19 18 18 17 17 17 16 16 16 16 16 16 16
28 28 28 27 26 25 25 24 23 23 22 21 21 20 20 19 19 18 18 18 17 17 17 17 17 17 17 17 17 17 18 18 18 19 19 20 20 21 21 22 23 23 24 25 25 26 27 28 29 29 30 31 32 33 34 34 35 36 37 37 36 35 34 34 33 32 31 30 29 28 27 27 26 25 24 23 23 22 21 21 20 19 19 18 17 17 17 16 16 16 15 15 15 15 15 15
28 28 28 28 27 26 25 25 24 23 23 22 22 21 21 20 20 19 19 19 18 18 18 18 18 18 18 18 18 18 19 19 19 20 20 21 21 22 22 23 23 24 25 25 26 27 28 28 29 30 31 32 32 33 34 35 36 37 38 37 36 35 34 33 32 31 30 30 29 28 27 26 25 24 24 23 22 21 21 20 19 18 18 17 17 16 16 15 15 15 14 14 14 14 14 14
27 27 27 28 28 27 26 25 25 24 24 23 22 22 21 21 21 20 20 20 19 19 19 19 19 19 19 19 19 19 20 20 20 21 21 21 22 22 23 24 24 25 25 26 27 28 28 29 30 31 31 32 33 34 35 36 36 37 37 36 35 35 34 33 32 31 30 29 28 27 26 26 25 24 23 22 21 21 20 19 18 18 17 16 16 15 15 14 14 14 13 13 13 13 13 13
26 26 26 27 27 28 27 26 26 25 24 24 23 23 22 22 22 21 21 21 20 20 20 20 20 20 20 20 20 20 21 21 21 22 22 22 23 23 24 24 25 26 26 27 28 28 29 30 30 31 32 33 34 34 35 36 37 38 37 36 35 34 33 32 31 30 30 29 28 27 26 25 24 23 22 22 21 20 19 18 18 17 16 16 15 14 14 13 13 13 12 12 12 12 12 12
25 25 25 26 26 27 27 27 26 26 25 25 24 24 23 23 22 22 22 22 21 21 21 21 21 21 21 21 21 21 22 22 22 22 23 23 24 24 25 25 26 26 27 28 28 29 30 30 31 32 33 33 34 35 36 37 37 37 37 36 35 34 33 32 31 30 29 28 27 26 25 25 24 23 22 21 20 19 19 18 17 16 16 15 14 14 13 13 12 12 11 11 11 11 11 11
24 24 25 25 26 26 27 27 27 27 26 26 25 25 24 24 23 23 23 23 22 22 22 22 22 22 22 22 22 22 23 23 23 23 24 24 25 25 26 26 27 27 28 28 29 30 30 31 32 33 33 34 35 36 36 36 36 36 36 35 34 34 33 32 31 30 29 28 27 26 25 24 23 22 21 21 20 19 18 17 16 16 15 14 13 13 12 12 11 11 10 10 10 10 10 10
23 23 24 24 25 25 26 26 27 27 27 26 26 25 25 25 24 24 24 24 23 23 23 23 23 23 23 23 23 23 24 24 24 24 25 25 25 26 26 27 27 28 29 29 30 30 31 32 33 33 34 35 35 35 35 35 35 35 35 35 34 33 32 31 30 29 28 28 27 26 25 24 23 22 21 20 19 18 17 17 16 15 14 13 13 12 11 11 10 10 9 9 9 9 9 9
22 22 23 23 24 24 25 26 26 27 28 27 27 26 26 26 25 25 25 25 24 24 24 24 24 24 24 24 24 24 25 25 25 25 26 26 26 27 27 28 28 29 29 30 31 31 32 33 33 34 35 34 34 34 34 34 34 34 34 34 34 33 32 31 30 29 28 27 26 25 24 23 22 22 21 20 19 18 17 16 15 14 14 13 12 11 11 10 9 9 9 8 8 8 8 8
21 21 22 22 23 24 24 25 25 26 27 28 28 27 27 27 26 26 26 25 25 25 25 25 25 25 25 25 25 25 25 26 26 26 27 27 27 28 28 29 29 30 30 31 31 32 33 33 34 34 34 33 33 33 33 33 33 33 33 33 33 33 32 31 30 29 28 27 26 25 24 23 22 21 20 19 18 17 17 16 15 14 13 12 11 11 10 9 9 8 8 7 7 7 7 7
20 21 21 22 22 23 23 24 25 25 26 27 28 28 28 28 27 27 27 26 26 26 26 26 26 26 26 26 26 26 26 27 27 27 28 28 28 29 29 30 30 31 31 32 32 33 33 33 33 33 33 32 32 32 32 32 32 32 32 32 32 32 32 31 30 29 28 27 26 25 24 23 22 21 20 19 18 17 16 15 14 13 13 12 11 10 9 8 8 7 7 6 6 6 6 6
19 20 20 21 21 22 23 23 24 25 25 26 27 28 29 28 28 28 28 27 27 27 27 27 27 27 27 27 27 27 27 28 28 28 28 29 29 30 30 30 31 31 32 32 33 33 33 32 32 32 32 31 31 31 31 31 31 31 31 31 31 31 31 30 29 28 27 26 25 25 24 23 22 21 20 19 18 17 16 15 14 13 12 11 10 9 9 8 7 6 6 5 5 5 5 5
18 19 19 20 21 21 22 23 23 24 25 26 26 27 28 29 29 29 29 28 28 28 28 28 28 28 28 28 28 28 28 29 29 29 29 30 30 30 31 31 32 32 33 33 32 32 32 31 31 31 31 30 30 30 30 30 30 30 30 30 30 30 31 30 29 28 27 26 25 24 23 22 21 20 19 18 17 16 16 15 14 13 12 11 10 9 8 7 6 6 5 4 4 4 4 4
17 18 19 19 20 21 21 22 23 23 24 25 26 27 27 28 29 30 30 29 29 29 29 29 29 29 29 29 29 29 29 30 30 30 30 31 31 31 32 32 33 33 32 32 31 31 31 30 30 30 30 29 29 29 29 29 29 29 29 29 29 29 30 30 29 28 27 26 25 24 23 22 21 20 19 18 17 16 15 14 13 12 11 10 9 9 8 7 6 5 4 4 3 3 3 3
17 17 18 18 19 20 21 21 22 23 24 24 25 26 27 28 29 30 30 30 30 30 30 30 30 30 30 30 30 30 30 31 31 31 31 32 32 32 33 33 32 32 31 31 30 30 30 29 29 29 29 28 28 28 28 28 28 28 28 28 28 28 29 29 29 28 27 26 25 24 23 22 21 20 19 18 17 16 15 14 13 12 11 10 9 8 7 6 5 4 4 3 2 2 2 2
16 16 17 18 18 19 20 21 21 22 23 24 25 26 26 27 28 29 30 31 31 31 31 31 31 31 31 31 31 31 31 32 32 32 32 33 33 33 32 32 31 31 30 30 30 29 29 28 28 28 28 27 27 27 27 27 27 27 27 27 27 27 28 28 28 28 27 26 25 24 23 22 21 20 19 18 17 16 15 14 13 12 11 10 9 8 7 6 5 4 3 2 1 1 1 1
15 16 16 17 18 18 19 20 21 22 22 23 24 25 26 27 28 29 30 30 31 32 32 32 32 32 32 32 32 32 32 33 33 33 33 33 33 32 32 31 31 30 30 29 29 28 28 28 27 27 27 26 26 26 26 26 26 26 26 26 26 26 27 27 27 28 27 26 25 24 23 22 21 20 19 18 17 16 15 14 13 12 11 10 9 8 7 6 5 4 3 2 1 0 0 1
14 15 16 16 17 18 19 19 20 21 22 23 24 25 25 26 27 28 29 30 31 32 33 33 33 33 33 33 33 33 33 34 34 34 33 33 32 31 31 30 30 29 29 28 28 27 27 27 26 26 26 25 25 25 25 25 25 25 25 25 25 25 26 26 26 27 27 26 25 24 23 22 21 20 19 18 17 16 15 14 13 12 11 10 9 8 7 6 5 4 3 2 1 1 1 1
13 14 15 16 16 17 18 19 20 21 21 22 23 24 25 26 27 28 29 30 31 32 33 34 34 34 34 34 34 34 34 35 34 33 33 32 31 31 30 29 29 28 28 27 27 26 26 26 25 25 25 25 24 24 24 24 24 24 24 24 24 25 25 25 25 26 26 26 25 24 23 22 21 20 19 18 17 16 15 14 13 12 11 10 9 8 7 6 5 4 4 3 2 2 2 2
13 13 14 15 16 17 17 18 19 20 21 22 23 24 25 26 27 28 28 29 30 31 32 33 34 35 35 35 35 35 35 34 33 33 32 31 30 30 29 29 28 27 27 26 26 25 25 25 24 24 24 24 23 23 23 23 23 23 23 23 23 24 24 24 24 25 25 25 25 24 23 22 21 20 19 18 17 16 15 14 13 12 11 10 9 9 8 7 6 5 4 4 3 3 3 3
12 13 14 14 15 16 17 18 19 20 21 22 22 23 24 25 26 27 28 29 30 31 32 33 34 35 36 36 36 35 34 33 33 32 31 30 30 29 28 28 27 27 26 26 25 25 24 24 23 23 23 23 22 22 22 22 22 22 22 22 22 23 23 23 23 24 24 25 25 24 23 22 21 20 19 18 17 16 16 15 14 13 12 11 10 9 8 7 6 6 5 4 4 4 4 4
11 12 13 14 15 16 17 17 18 19 20 21 22 23 24 25 26 27 28 29 30 31 32 33 34 35 36 36 35 34 33 33 32 31 30 30 29 28 28 27 26 26 25 25 24 24 23 23 22 22 22 22 21 21 21 21 21 21 21 21 21 22 22 22 22 23 23 24 24 25 24 23 22 21 20 19 18 17 16 15 14 13 12 11 10 9 9 8 7 6 6 5 5 5 5 5
11 12 13 13 14 15 16 17 18 19 20 21 22 23 24 25 26 27 28 29 30 31 32 33 34 35 36 35 34 34 33 32 31 30 30 29 28 28 27 26 26 25 24 24 23 23 22 22 22 21 21 21 20 20 20 20 20 20 20 20 20 21 21 21 22 22 22 23 23 24 24 23 22 21 20 19 18 17 16 15 14 13 13 12 11 10 9 8 8 7 7 6 6 6 6 6
10 11 12 13 14 15 16 17 18 19 20 21 22 23 24 25 25 26 27 28 29 30 31 32 33 34 35 34 34 33 32 31 31 30 29 28 28 27 26 25 25 24 24 23 22 22 21 21 21 20 20 20 19 19 19 19 19 19 19 19 19 20 20 20 21 21 21 22 22 23 24 23 22 21 20 19 18 17 17 16 15 14 13 12 11 11 10 9 9 8 8 7 7 7 7 7
10 11 12 13 14 15 16 16 17 18 19 20 21 22 23 24 25 26 27 28 29 30 31 32 33 34 34 33 33 32 32 31 30 29 28 28 27 26 25 25 24 23 23 22 22 21 21 20 20 19 19 19 18 18 18 18 18 18 18 18 18 19 19 19 20 20 21 21 22 22 23 23 22 22 21 20 19 18 17 16 15 14 14 13 12 11 11 10 9 9 9 8 8 8 8 8
9 10 11 12 13 14 15 16 17 18 19 20 21 22 23 24 25 26 27 28 29 30 31 32 33 34 33 32 32 31 31 30 29 29 28 27 26 25 25 24 23 23 22 21 21 20 20 19 19 18 18 18 17 17 17 17 17 17 17 17 17 18 18 18 19 19 20 20 21 21 22 23 23 22 21 20 19 18 17 17 16 15 14 13 13 12 11 11 10 10 9 9 9 9 9 9
9 10 11 12 13 14 15 16 17 18 19 20 21 22 23 24 25 26 27 28 29 30 31 32 33 33 32 32 31 31 30 30 29 28 27 26 26 25 24 23 23 22 21 21 20 19 19 18 18 17 17 17 16 16 16 16 16 16 16 16 16 17 17 17 18 18 19 19 20 21 21 22 23 22 21 21 20 19 18 17 16 16 15 14 13 13 12 12 11 11 10 10 10 10 10 10
9 10 11 12 13 14 15 16 17 18 19 20 21 22 23 24 25 26 27 28 29 30 31 32 33 32 31 31 30 30 29 29 28 27 27 26 25 24 23 23 22 21 21 20 19 19 18 17 17 17 16 16 16 15 15 15 15 15 15 15 16 16 16 17 17 17 18 19 19 20 21 21 22 22 22 21 20 19 19 18 17 16 16 15 14 14 13 13 12 12 11 11 11 11 11 11
9 10 11 12 13 14 15 16 17 18 19 20 21 22 23 24 25 26 27 28 29 30 31 32 32 31 31 30 29 29 28 28 27 27 26 25 24 24 23 22 21 21 20 19 18 18 17 17 16 16 15 15 15 14 14 14 14 14 14 14 15 15 15 16 16 17 17 18 18 19 20 20 21 21 21 22 21 20 19 18 18 17 16 16 15 14 14 13 13 13 12 12 12 12 11 10
9 10 11 12 13 14 15 16 17 18 19 20 21 22 23 24 25 26 27 28 29 30 31 32 31 30 30 29 29 28 27 27 26 26 25 25 24 23 22 21 21 20 19 18 18 17 16 16 15 15 14 14 14 13 13 13 13 13 13 13 14 14 14 15 15 16 16 17 18 18 19 19 20 20 20 21 21 21 20 19 18 18 17 16 16 15 15 14 14 14 13 13 12 11 10 9
