data/grids/anth/KMTOHWY.asc
NCOLS 822 
NROWS 563 
XLLCORNER -58000 
YLLCORNER 5661000 
CELLSIZE 1000 
NODATA_value -9999 
[rows 208 to 233 of 563, columns 116 to 173 of 822]
28 27 26 25 24 23 22 21 20 19 18 17 16 15 14 13 12 11 10 9 8 7 6 5 4 3 2 1 0 1 2 3 4 5 6 7 8 9 10 11 12 13 14 15 16 17 16 15 14 13 12 11 10 9 8 7 6 5
27.892650604248 26.9258232116699 25.9615097045898 25 24 23 22 21 20 19 18 17 16 15 14 13 12 11 10 9 8 7 6 5 4 3 2 1 0 1 2 3 4 5 6 7 8 9 10 11 12 13 14 15 16 17 16 15 14 13 12 11 10 9 8 7 6 5
27.658634185791 26.68332862854 25.7099208831787 24.7386341094971 23.7697277069092 22.8035087585449 21.8403301239014 20.8806133270264 19.9248580932617 18.9736652374268 18 17 16 15 14 13 12 11 10 9 8 7 6 5 4 3 2 1 0 1 2 3 4 5 6 7 8 9 10 11 12 13 14 15 16 17 16 15 14 13 12 11 10 9 8 7 6 5
27.4590606689453 26.4764041900635 25.4950981140137 24.5153007507324 23.5372047424316 22.5610275268555 21.5870323181152 20.6155281066895 19.6468830108643 18.6815414428711 17.7200450897217 16.763053894043 15.8113880157471 14.8660688400269 13.9283885955811 13 12 11 10 9 8 7 6 5 4 3 2 1 0 1 2 3 4 5 6 7 8 9 10 11 12 13 14 15 16 17 16 15 14 13 12 11 10 9 8 7 6 5
27.2946872711182 26.3058929443359 25.3179779052734 24.3310508728027 23.345235824585 22.3606796264648 21.3775577545166 20.3960781097412 19.4164886474609 18.4390888214111 17.4642486572266 16.4924221038818 15.5241746902466 14.5602197647095 13.6014709472656 12.6491107940674 11.7046995162964 10.7703294754028 9.84885787963867 8.9442720413208 8 7 6 5 4 3 2 1 0 1 2 3 4 5 6 7 8 9 10 11 12 13 14 15 16 17 16 15 14 13 12 11 10 9 8 7 6 5
27.1661548614502 26.1725044250488 25.1793575286865 24.1867733001709 23.1948261260986 22.2036037445068 21.2132034301758 20.2237491607666 19.2353839874268 18.2482872009277 17.2626762390137 16.2788200378418 15.2970581054688 14.3178215026855 13.34166431427 12.3693170547485 11.4017543792725 10.4403066635132 9.48683261871338 8.5440034866333 7.61577320098877 6.70820379257202 5.83095169067383 5 4 3 2 1 0 1 2 3 4 5 6 7 8 9 10 11 12 13 14 15 16 17 16.0312194824219 15.033296585083 14.0356683731079 13.0384044647217 12.0415945053101 11.0453605651855 10.0498752593994 9.05538558959961 8.06225776672363 7.07106781005859 6.08276271820068 5.0990195274353
27.0739727020264 26.0768089294434 25.0798721313477 24.0831890106201 23.0867919921875 22.0907211303711 21.0950222015381 20.0997505187988 19.1049728393555 18.1107711791992 17.1172428131104 16.1245155334473 15.1327457427979 14.1421356201172 13.152946472168 12.1655254364014 11.1803398132324 10.1980390548706 9.21954441070557 8.24621105194092 7.28010988235474 6.32455539703369 5.38516473770142 4.4721360206604 3.60555124282837 2.82842707633972 2 1 0 1 2 3 4 5 6 7 8 9 10 11 12 13 14 15 16 17 16.1245155334473 15.1327457427979 14.1421356201172 13.152946472168 12.1655254364014 11.1803398132324 10.1980390548706 9.21954441070557 8.24621105194092 7.28010988235474 6.32455539703369 5.38516473770142
27.0185127258301 26.0192241668701 25.0199928283691 24.020824432373 23.021728515625 22.0227146148682 21.023796081543 20.0249843597412 19.0262985229492 18.0277557373047 17.0293865203857 16.0312194824219 15.033296585083 14.0356683731079 13.0384044647217 12.0415945053101 11.0453605651855 10.0498752593994 9.05538558959961 8.06225776672363 7.07106781005859 6.08276271820068 5.0990195274353 4.12310552597046 3.16227769851685 2.2360680103302 1.41421353816986 1 0 1 2 3 4 5 6 7 8 9 10 11 12 13 14 15 16 17 16.2788200378418 15.2970581054688 14.3178215026855 13.34166431427 12.3693170547485 11.4017543792725 10.4403066635132 9.48683261871338 8.5440034866333 7.61577320098877 6.70820379257202 5.83095169067383
27 26 25 24 23 22 21 20 19 18 17 16 15 14 13 12 11 10 9 8 7 6 5 4 3 2 1 0 1 1.41421353816986 2.2360680103302 3.16227769851685 4.12310552597046 5.0990195274353 6.08276271820068 7.07106781005859 8.06225776672363 9.05538558959961 10.0498752593994 11.0453605651855 12.0415945053101 13.0384044647217 14.0356683731079 15.033296585083 16.0312194824219 17.0293865203857 16.4924221038818 15.5241746902466 14.5602197647095 13.6014709472656 12.6491107940674 11.7046995162964 10.7703294754028 9.84885787963867 8.9442720413208 8.06225776672363 7.21110248565674 6.40312433242798
27 26 25 24 23 22 21 20 19 18 17 16 15 14 13 12 11 10 9 8 7 6 5 4 3 2 1 0 1 2 2.82842707633972 3.60555124282837 4.4721360206604 5.38516473770142 6.32455539703369 7.28010988235474 8.24621105194092 9.21954441070557 10.1980390548706 11.1803398132324 12.1655254364014 13.152946472168 14.1421356201172 15.1327457427979 16.1245155334473 17.0880069732666 16.763053894043 15.8113880157471 14.8660688400269 13.9283885955811 13 12.0830459594727 11.1803398132324 10.2956304550171 9.43398094177246 8.60232543945312 7.81024980545044 7.07106781005859
27 26 25 24 23 22 21 20 19 18 17 16 15 14 13 12 11 10 9 8 7 6 5 4 3 2 1 0 1 2 3 4 5 5.83095169067383 6.70820379257202 7.61577320098877 8.5440034866333 9.43398094177246 10.2956304550171 11.1803398132324 12.0830459594727 13 13.9283885955811 14.8660688400269 15.8113880157471 16.763053894043 17.0880069732666 16.1554946899414 15.2315464019775 14.3178215026855 13.416407585144 12.5299644470215 11.6619033813477 10.8166542053223 10 9.21954441070557 8.48528099060059 7.81024980545044
27 26 25 24 23 22 21 20 19 18 17 16 15 14 13 12 11 10 9 8 7 6 5 4 3 2 1 0 1 2 2.82842707633972 3.60555124282837 4.4721360206604 5.38516473770142 6.32455539703369 7.21110248565674 8.06225776672363 8.9442720413208 9.84885787963867 10.7703294754028 11.7046995162964 12.6491107940674 13.6014709472656 14.5602197647095 15.5241746902466 16.4924221038818 17.4642486572266 16.5529460906982 15.65247631073 14.7648229598999 13.8924436569214 13.0384044647217 12.2065553665161 11.4017543792725 10.6301460266113 9.89949512481689 9.21954441070557 8.48528099060059
27 26 25 24 23 22 21 20 19 18 17 16 15 14 13 12 11 10 9 8 7 6 5 4 3 2 1 0 1 1.41421353816986 2.2360680103302 3.16227769851685 4.12310552597046 5 5.83095169067383 6.70820379257202 7.61577320098877 8.5440034866333 9.48683261871338 10.4403066635132 11.4017543792725 12.3693170547485 13.34166431427 14.3178215026855 15.2970581054688 16.2788200378418 17.2626762390137 17 16.1245155334473 15.2643375396729 14.4222049713135 13.6014709472656 12.806248664856 12.0415945053101 11.3137083053589 10.6301460266113 9.89949512481689 9.21954441070557
27.0185127258301 26.0192241668701 25.0199928283691 24.020824432373 23.021728515625 22.0227146148682 21.023796081543 20.0249843597412 19.0262985229492 18.0277557373047 17.0293865203857 16.0312194824219 15.033296585083 14.0356683731079 13.0384044647217 12.0415945053101 11.0453605651855 10.0498752593994 9.05538558959961 8.06225776672363 7.07106781005859 6.08276271820068 5.0990195274353 4.12310552597046 3.16227769851685 2.2360680103302 1.41421353816986 1 0 1 2 2.82842707633972 3.60555124282837 4.4721360206604 5.38516473770142 6.32455539703369 7.28010988235474 8.24621105194092 9.21954441070557 10.1980390548706 11.1803398132324 12.1655254364014 13.152946472168 14.1421356201172 15.1327457427979 16.1245155334473 17.1172428131104 17.4928550720215 16.6433162689209 15.8113880157471 15 14.2126703262329 13.4536237716675 12.7279224395752 12.0415945053101 11.3137083053589 10.6301460266113 10
27.0739727020264 26.0768089294434 25.0798721313477 24.0831890106201 23.0867919921875 22.0907211303711 21.0950222015381 20.0997505187988 19.1049728393555 18.1107711791992 17.1172428131104 16.1245155334473 15.1327457427979 14.1421356201172 13.152946472168 12.1655254364014 11.1803398132324 10.1980390548706 9.21954441070557 8.24621105194092 7.28010988235474 6.32455539703369 5.38516473770142 4.4721360206604 3.60555124282837 2.82842707633972 2 1 0 1 1.41421353816986 2.2360680103302 3.16227769851685 4.12310552597046 5.0990195274353 6.08276271820068 7.07106781005859 8.06225776672363 9.05538558959961 10.0498752593994 11.0453605651855 12.0415945053101 13.0384044647217 14.0356683731079 15.033296585083 16.0312194824219 17.0293865203857 18.0277557373047 17.2046508789062 16.4012203216553 15.6204996109009 14.8660688400269 14.1421356201172 13.4536237716675 12.7279224395752 12.0415945053101 11.4017543792725 10.8166542053223
27.1661548614502 26.1725044250488 25.1793575286865 24.1867733001709 23.1948261260986 22.2036037445068 21.2132034301758 20.2237491607666 19.2353839874268 18.2482872009277 17.2626762390137 16.2788200378418 15.2970581054688 14.3178215026855 13.34166431427 12.3693170547485 11.4017543792725 10.4403066635132 9.48683261871338 8.5440034866333 7.61577320098877 6.70820379257202 5.83095169067383 5 4.12310552597046 3.16227769851685 2.2360680103302 1.41421353816986 1 0 1 2 3 4 5 6 7 8 9 10 11 12 13 14 15 16 17 18 17.8044929504395 17.0293865203857 16.2788200378418 15.5563488006592 14.8660688400269 14.1421356201172 13.4536237716675 12.806248664856 12.2065553665161 11.6619033813477
27.2946872711182 26.3058929443359 25.3179779052734 24.3310508728027 23.345235824585 22.3606796264648 21.3775577545166 20.3960781097412 19.4164886474609 18.4390888214111 17.4642486572266 16.4924221038818 15.5241746902466 14.5602197647095 13.6014709472656 12.6491107940674 11.7046995162964 10.7703294754028 9.84885787963867 8.9442720413208 8.06225776672363 7.21110248565674 6.32455539703369 5.38516473770142 4.4721360206604 3.60555124282837 2.82842707633972 2 1 0 1 2 3 4 5 6 7 8 9 10 11 12 13 14 15 16 17 18 18.4390888214111 17.6918067932129 16.9705619812012 16.2788200378418 15.5563488006592 14.8660688400269 14.2126703262329 13.6014709472656 13.0384044647217 12.5299644470215
27.4590606689453 26.4764041900635 25.4950981140137 24.5153007507324 23.5372047424316 22.5610275268555 21.5870323181152 20.6155281066895 19.6468830108643 18.6815414428711 17.7200450897217 16.763053894043 15.8113880157471 14.8660688400269 13.9283885955811 13 12.0830459594727 11.1803398132324 10.2956304550171 9.43398094177246 8.5440034866333 7.61577320098877 6.70820379257202 5.83095169067383 5 4 3 2 1 0 1 2 3 4 5 6 7 8 9 10 11 12 13 14 15 16 17 18 18.0277557373047 18 17.6918067932129 16.9705619812012 16.2788200378418 15.6204996109009 15 14.4222049713135 13.6014709472656 12.6491107940674
27.658634185791 26.68332862854 25.7099208831787 24.7386341094971 23.7697277069092 22.8035087585449 21.8403301239014 20.8806133270264 19.9248580932617 18.9736652374268 18.0277557373047 17.0880069732666 16.1554946899414 15.2315464019775 14.3178215026855 13.416407585144 12.5299644470215 11.6619033813477 10.7703294754028 9.84885787963867 8.9442720413208 8 7 6 5 4 3 2 1 0 1 2 3 4 5 6 7 8 9 10 11 12 13 14 15 16 17 17.1172428131104 17.0293865203857 17 17.0293865203857 17.1172428131104 17.0293865203857 16.2788200378418 15.2970581054688 14.3178215026855 13.34166431427 12.3693170547485
27.892650604248 26.9258232116699 25.9615097045898 25 24.0416297912598 23.0867919921875 22.1359443664551 21.1896209716797 20.2484569549561 19.3132076263428 18.3847770690918 17.4642486572266 16.5529460906982 15.65247631073 14.7648229598999 13.8924436569214 13 12 11 10 9 8 7 6 5 4 3 2 1 0 1 2 3 4 5 6 7 8 9 10 11 12 13 14 15 16 16.2788200378418 16.1245155334473 16.0312194824219 16 16.0312194824219 16.1245155334473 16.2788200378418 16.1245155334473 15.1327457427979 14.1421356201172 13.152946472168 12.1655254364014
28.1602554321289 27.2029418945312 26.2488098144531 25.2982215881348 24.3515911102295 23.4093990325928 22.472204208374 21.5406589508057 20.6155281066895 19.6977157592773 18.788293838501 17.8885440826416 17 16 15 14 13 12 11 10 9 8 7 6 5 4 3 2 1 0 1 2 3 4 5 6 7 8 9 10 11 12 13 14 15 15.5241746902466 15.2970581054688 15.1327457427979 15.033296585083 15 15.033296585083 15.1327457427979 15.2970581054688 15.5241746902466 15.033296585083 14.0356683731079 13.0384044647217 12.0415945053101
28.4253406524658 27.4590606689453 26.4764041900635 25.4950981140137 24.5153007507324 23.5372047424316 22.5610275268555 21.5870323181152 20.6155281066895 19.6468830108643 18.6815414428711 17.7200450897217 16.763053894043 15.8113880157471 14.8660688400269 13.9283885955811 13 12 11 10 9 8 7 6 5 4 3 2 1 0 1 2 3 4 5 6 7 8 9 10 11 12 13 14 14.8660688400269 14.5602197647095 14.3178215026855 14.1421356201172 14.0356683731079 14 14.0356683731079 14.1421356201172 14.3178215026855 14.5602197647095 14.8660688400269 14 13 12
27.658634185791 27.0185127258301 26.3058929443359 25.3179779052734 24.3310508728027 23.345235824585 22.3606796264648 21.3775577545166 20.3960781097412 19.4164886474609 18.4390888214111 17.4642486572266 16.4924221038818 15.5241746902466 14.5602197647095 13.6014709472656 12.6491107940674 11.7046995162964 10.7703294754028 9.84885787963867 8.9442720413208 8 7 6 5 4 3 2 1 0 1 2 3 4 5 6 7 8 9 10 11 12 13 14 13.9283885955811 13.6014709472656 13.34166431427 13.152946472168 13.0384044647217 13 13.0384044647217 13.152946472168 13.34166431427 13.6014709472656 13.9283885955811 14 13 12
26.907247543335 26.2488098144531 25.6124973297119 25 24.1867733001709 23.1948261260986 22.2036037445068 21.2132034301758 20.2237491607666 19.2353839874268 18.2482872009277 17.2626762390137 16.2788200378418 15.2970581054688 14.3178215026855 13.34166431427 12.3693170547485 11.4017543792725 10.4403066635132 9.48683261871338 8.5440034866333 7.61577320098877 6.70820379257202 5.83095169067383 5 4 3 2 1 0 1 2 3 4 5 6 7 8 9 10 11 12 13 13 13 12.6491107940674 12.3693170547485 12.1655254364014 12.0415945053101 12 12.0415945053101 12.1655254364014 12.3693170547485 12.6491107940674 13 13.416407585144 13 12
26.1725044250488 25.4950981140137 24.839485168457 24.2074375152588 23.6008472442627 23.021728515625 22.0907211303711 21.0950222015381 20.0997505187988 19.1049728393555 18.1107711791992 17.1172428131104 16.1245155334473 15.1327457427979 14.1421356201172 13.152946472168 12.1655254364014 11.1803398132324 10.1980390548706 9.21954441070557 8.24621105194092 7.28010988235474 6.32455539703369 5.38516473770142 4.4721360206604 3.60555124282837 2.82842707633972 2 1 0 1 2 3 4 5 6 7 8 9 10 11 12 12 12 12 11.7046995162964 11.4017543792725 11.1803398132324 11.0453605651855 11 11.0453605651855 11.1803398132324 11.4017543792725 11.7046995162964 12.0830459594727 12.5299644470215 13 12
25.4558448791504 24.7588367462158 24.0831890106201 23.4307498931885 22.8035087585449 22.2036037445068 21.6333084106445 21.023796081543 20.0249843597412 19.0262985229492 18.0277557373047 17.0293865203857 16.0312194824219 15.033296585083 14.0356683731079 13.0384044647217 12.0415945053101 11.0453605651855 10.0498752593994 9.05538558959961 8.06225776672363 7.07106781005859 6.08276271820068 5.0990195274353 4.12310552597046 3.16227769851685 2.2360680103302 1.41421353816986 1 0 1 2 3 4 5 6 7 8 9 10 11 11 11 11 11 10.7703294754028 10.4403066635132 10.1980390548706 10.0498752593994 10 10.0498752593994 10.1980390548706 10.4403066635132 10.7703294754028 11.1803398132324 11.6619033813477 12.0830459594727 11.7046995162964
