data/grids/anth/KMTOHWY.asc
NCOLS 822 
NROWS 563 
XLLCORNER -58000 
YLLCORNER 5661000 
CELLSIZE 1000 
NODATA_value -9999 
[rows 390 to 415 of 563, columns 116 to 173 of 822]
2 1 0 1 2 2.82842707633972 3.60555124282837 4.24264049530029 5 5.65685415267944 6.40312433242798 7.07106781005859 7.61577320098877 8.06225776672363 8.60232543945312 9.21954441070557 9.89949512481689 10.6301460266113 11.3137083053589 12.0415945053101 12.6491107940674 12.3693170547485 12.1655254364014 12.0415945053101 11.7046995162964 11.4017543792725 11.1803398132324 11.0453605651855 11 11 11 11 11 10.8166542053223 10.2956304550171 9.84885787963867 9.48683261871338 9.21954441070557 9.05538558959961 8.9442720413208 8.5440034866333 8.24621105194092 8.06225776672363 8 8 8 8 8 8 8 8 8 8 8 8.06225776672363 8.24621105194092 8.5440034866333 8.9442720413208
2 1 0 1 2 3 4 5 5.65685415267944 6.40312433242798 7.07106781005859 7.81024980545044 8.48528099060059 8.9442720413208 9.43398094177246 10 10.6301460266113 11.3137083053589 12.0415945053101 12.0830459594727 11.7046995162964 11.4017543792725 11.1803398132324 11.0453605651855 10.7703294754028 10.4403066635132 10.1980390548706 10.0498752593994 10 10 10 10 10 10 9.43398094177246 8.9442720413208 8.5440034866333 8.24621105194092 8.06225776672363 8 7.61577320098877 7.28010988235474 7.07106781005859 7 7 7 7 7 7 7 7 7 7 7 7.07106781005859 7.28010988235474 7.61577320098877 8.06225776672363
2 1 0 1 2 3 4 5 6 7 7.81024980545044 8.48528099060059 9.21954441070557 9.84885787963867 10.2956304550171 10.8166542053223 11.4017543792725 12.0415945053101 11.6619033813477 11.1803398132324 10.7703294754028 10.4403066635132 10.1980390548706 10.0498752593994 9.84885787963867 9.48683261871338 9.21954441070557 9.05538558959961 9 9 9 9 9 9 8.60232543945312 8.06225776672363 7.61577320098877 7.28010988235474 7.07106781005859 7 6.70820379257202 6.32455539703369 6.08276271820068 6 6 6 6 6 6 6 6 6 6 6 6.08276271820068 6.32455539703369 6.70820379257202 7.21110248565674
2 1 0 1 2 3 4 5 6 7 8 9 9.89949512481689 10.6301460266113 11.1803398132324 11.6619033813477 12.0415945053101 11.4017543792725 10.8166542053223 10.2956304550171 9.84885787963867 9.48683261871338 9.21954441070557 9.05538558959961 8.9442720413208 8.5440034866333 8.24621105194092 8.06225776672363 8 8 8 8 8 8 7.81024980545044 7.21110248565674 6.70820379257202 6.32455539703369 6.08276271820068 6 5.83095169067383 5.38516473770142 5.0990195274353 5 5 5 5 5 5 5 5 5 5 5 5.0990195274353 5.38516473770142 5.83095169067383 6.32455539703369
2 1 0 1 2 3 4 5 6 7 8 9 10 11 12 12.0415945053101 11.3137083053589 10.6301460266113 10 9.43398094177246 8.9442720413208 8.5440034866333 8.24621105194092 8.06225776672363 8 7.61577320098877 7.28010988235474 7.07106781005859 7 7 7 7 7 7 7 6.40312433242798 5.83095169067383 5.38516473770142 5.0990195274353 5 5 4.4721360206604 4.12310552597046 4 4 4 4 4 4 4 4 4 4 4 4.12310552597046 4.4721360206604 5 5.38516473770142
1.41421353816986 1 0 1 2 3 4 5 6 7 8 9 10 11 12 11.3137083053589 10.6301460266113 9.89949512481689 9.21954441070557 8.60232543945312 8.06225776672363 7.61577320098877 7.28010988235474 7.07106781005859 7 6.70820379257202 6.32455539703369 6.08276271820068 6 6 6 6 6 6 6 5.65685415267944 5 4.4721360206604 4.12310552597046 4 4 3.60555124282837 3.16227769851685 3 3 3 3 3 3 3 3 3 3 3 3.16227769851685 3.60555124282837 4.12310552597046 4.4721360206604
1 0 1 1.41421353816986 2.2360680103302 3.16227769851685 4.12310552597046 5.0990195274353 6.08276271820068 7.07106781005859 8.06225776672363 9.05538558959961 10.0498752593994 11.0453605651855 11.1803398132324 10.6301460266113 9.89949512481689 9.21954441070557 8.48528099060059 7.81024980545044 7.21110248565674 6.70820379257202 6.32455539703369 6.08276271820068 6 5.83095169067383 5.38516473770142 5.0990195274353 5 5 5 5 5 5 5 5 4.24264049530029 3.60555124282837 3.16227769851685 3 3 2.82842707633972 2.2360680103302 2 2 2 2 2 2 2 2 2 2 2 2.2360680103302 2.82842707633972 3.16227769851685 3.60555124282837
1 0 1 2 2.82842707633972 3.60555124282837 4.4721360206604 5.38516473770142 6.32455539703369 7.28010988235474 8.24621105194092 9.21954441070557 10.1980390548706 10.8166542053223 10.2956304550171 9.84885787963867 9.21954441070557 8.48528099060059 7.81024980545044 7.07106781005859 6.40312433242798 5.83095169067383 5.38516473770142 5.0990195274353 5 5 4.4721360206604 4.12310552597046 4 4 4 4 4 4 4 4 3.60555124282837 2.82842707633972 2.2360680103302 2 2 2 1.41421353816986 1 1 1 1 1 1 1 1 1 1 1 1.41421353816986 2 2.2360680103302 2.82842707633972
1 0 1 2 3 4 5 5.83095169067383 6.70820379257202 7.61577320098877 8.5440034866333 9.48683261871338 10.4403066635132 10 9.43398094177246 8.9442720413208 8.48528099060059 7.81024980545044 7.07106781005859 6.40312433242798 5.65685415267944 5 4.4721360206604 4.12310552597046 4 4 3.60555124282837 3.16227769851685 3 3 3 3 3 3 3 3 2.82842707633972 2.2360680103302 1.41421353816986 1 1 1 1 0 0 0 0 0 0 0 0 0 0 0 1 1 1.41421353816986 2
1 0 1 2 3 4 5 6 7 8 8.9442720413208 9.84885787963867 9.84885787963867 9.21954441070557 8.60232543945312 8.06225776672363 7.61577320098877 7.07106781005859 6.40312433242798 5.65685415267944 5 4.24264049530029 3.60555124282837 3.16227769851685 3 3 2.82842707633972 2.2360680103302 2 2 2 2 2 2 2 2 2 1.41421353816986 1 0 0 0 0 1 1 1 1 1 1 1 1 1 1 1 0 0 1 1
1 0 1 2 3 4 5 6 7 8 9 9.21954441070557 8.9442720413208 8.48528099060059 7.81024980545044 7.21110248565674 6.70820379257202 6.32455539703369 5.65685415267944 5 4.24264049530029 3.60555124282837 2.82842707633972 2.2360680103302 2 2 2 1.41421353816986 1 1 1 1 1 1 1 1 1 1 0 1 1 1 1 1.41421353816986 2 2 2 2 2 2 2 2 2 1.41421353816986 1 1 0 0
1 0 1 2 3 4 5 6 7 8 8.5440034866333 8.24621105194092 8.06225776672363 7.61577320098877 7.07106781005859 6.40312433242798 5.83095169067383 5.38516473770142 5 4.24264049530029 3.60555124282837 2.82842707633972 2.2360680103302 1.41421353816986 1 1 1 1 0 0 0 0 0 0 0 0 0 0 1 1.41421353816986 2 2 2 2.2360680103302 2.82842707633972 3 3 3 3 3 3 3 2.82842707633972 2.2360680103302 2 1.41421353816986 1 0
1 0 1 2 3 4 5 6 7 8 7.61577320098877 7.28010988235474 7.07106781005859 6.70820379257202 6.32455539703369 5.65685415267944 5 4.4721360206604 4.12310552597046 3.60555124282837 2.82842707633972 2.2360680103302 1.41421353816986 1 0 0 0 0 0 1 1 1 1 1 1 1 1 1 1.41421353816986 2.2360680103302 2.82842707633972 3 3 3.16227769851685 3.60555124282837 4 4 4 4 4 4 4 3.60555124282837 3.16227769851685 2.82842707633972 2.2360680103302 1.41421353816986 1
1 0 1 2 3 4 5 6 7 7.21110248565674 6.70820379257202 6.32455539703369 6.08276271820068 5.83095169067383 5.38516473770142 5 4.24264049530029 3.60555124282837 3.16227769851685 2.82842707633972 2.2360680103302 1.41421353816986 1 0 1 1 1 1 1 1.41421353816986 2 2 2 2 2 2 2 2 2.2360680103302 2.82842707633972 3.60555124282837 4 4 4.12310552597046 4.4721360206604 5 5 5 5 5 5 5 4.4721360206604 4.12310552597046 3.60555124282837 2.82842707633972 2.2360680103302 2
1 0 1 2 3 4 5 6 7 6.40312433242798 5.83095169067383 5.38516473770142 5.0990195274353 5 4.4721360206604 4.12310552597046 3.60555124282837 2.82842707633972 2.2360680103302 2 1.41421353816986 1 0 1 1.41421353816986 2 2 2 2 2.2360680103302 2.82842707633972 3 3 3 3 3 3 3 3.16227769851685 3.60555124282837 4.24264049530029 5 5 5.0990195274353 5.38516473770142 5.83095169067383 6 6 6 6 6 5.83095169067383 5.38516473770142 5 4.24264049530029 3.60555124282837 3.16227769851685 3
1 0 1 2 3 4 5 6 6.40312433242798 5.65685415267944 5 4.4721360206604 4.12310552597046 4 3.60555124282837 3.16227769851685 2.82842707633972 2.2360680103302 1.41421353816986 1 1 0 1 1.41421353816986 2.2360680103302 2.82842707633972 3 3 3 3.16227769851685 3.60555124282837 4 4 4 4 4 4 4 4.12310552597046 4.4721360206604 5 5.65685415267944 6 6.08276271820068 6.32455539703369 6.70820379257202 7 7 7 7 7 6.70820379257202 6.32455539703369 5.65685415267944 5 4.4721360206604 4.12310552597046 4
1 0 1 2 3 4 5 6 5.65685415267944 5 4.24264049530029 3.60555124282837 3.16227769851685 3 2.82842707633972 2.2360680103302 2 1.41421353816986 1 0 0 1 1.41421353816986 2.2360680103302 2.82842707633972 3.60555124282837 4 4 4 4.12310552597046 4.4721360206604 5 5 5 5 5 5 5 5.0990195274353 5.38516473770142 5.83095169067383 6.40312433242798 7 7.07106781005859 7.28010988235474 7.61577320098877 8 8 8 8 8 7.61577320098877 7.07106781005859 6.40312433242798 5.83095169067383 5.38516473770142 5.0990195274353 5
1 0 1 2 3 4 5 5 5 4.24264049530029 3.60555124282837 2.82842707633972 2.2360680103302 2 2 1.41421353816986 1 1 0 1 1 1.41421353816986 2.2360680103302 2.82842707633972 3.60555124282837 4.24264049530029 5 5 5 5.0990195274353 5.38516473770142 5.83095169067383 6 6 6 6 6 6 6.08276271820068 6.32455539703369 6.70820379257202 7.21110248565674 7.81024980545044 8.06225776672363 8.24621105194092 8.5440034866333 8.9442720413208 9 9 9 8.9442720413208 8.48528099060059 7.81024980545044 7.21110248565674 6.70820379257202 6.32455539703369 6.08276271820068 5.83095169067383
0 1 1.41421353816986 2.2360680103302 3.16227769851685 4 4 4 4 3.60555124282837 2.82842707633972 2.2360680103302 1.41421353816986 1 1 1 0 0 1 1.41421353816986 2 2.2360680103302 2.82842707633972 3.60555124282837 4.24264049530029 5 5.65685415267944 6 6 6.08276271820068 6.32455539703369 6.70820379257202 7 7 7 7 7 7 7.07106781005859 7.28010988235474 7.61577320098877 8.06225776672363 8.60232543945312 9.05538558959961 9.21954441070557 9.48683261871338 9.84885787963867 10 10 10 9.84885787963867 9.21954441070557 8.60232543945312 8.06225776672363 7.61577320098877 7.28010988235474 7.07106781005859 6.70820379257202
0 1 2 2.82842707633972 3 3 3 3 3 2.82842707633972 2.2360680103302 1.41421353816986 1 0 0 0 1 1 1.41421353816986 2.2360680103302 2.82842707633972 3.16227769851685 3.60555124282837 4.24264049530029 5 5.65685415267944 6.40312433242798 7 7 7.07106781005859 7.28010988235474 7.61577320098877 8 8 8 8 8 8 8.06225776672363 8.24621105194092 8.5440034866333 8.9442720413208 9.43398094177246 10 10.1980390548706 10.4403066635132 10.7703294754028 11 11 11 10.6301460266113 10 9.43398094177246 8.9442720413208 8.5440034866333 8.24621105194092 8.06225776672363 7.61577320098877
0 1 1.41421353816986 2 2 2 2 2 2 2 1.41421353816986 1 0 1 1 1 1.41421353816986 2 2.2360680103302 2.82842707633972 3.60555124282837 4.12310552597046 4.4721360206604 5 5.65685415267944 6.40312433242798 7.07106781005859 7.81024980545044 8 8.06225776672363 8.24621105194092 8.5440034866333 8.9442720413208 9 9 9 9 9 9.05538558959961 9.21954441070557 9.48683261871338 9.84885787963867 10.2956304550171 10.8166542053223 11.1803398132324 11.4017543792725 11.7046995162964 12 12 12 11.4017543792725 10.8166542053223 10.2956304550171 9.84885787963867 9.48683261871338 9.21954441070557 8.9442720413208 8.5440034866333
1 0 1 1 1 1 1 1 1 1 1 0 1 1.41421353816986 2 2 2.2360680103302 2.82842707633972 3.16227769851685 3.60555124282837 4.24264049530029 5 5.38516473770142 5.83095169067383 6.40312433242798 7.07106781005859 7.81024980545044 8.48528099060059 9 9.05538558959961 9.21954441070557 9.48683261871338 9.84885787963867 10 10 10 10 10 10.0498752593994 10.1980390548706 10.4403066635132 10.7703294754028 11.1803398132324 11.6619033813477 12.1655254364014 12.3693170547485 12.6491107940674 13 13 12.806248664856 12.2065553665161 11.6619033813477 11.1803398132324 10.7703294754028 10.4403066635132 10.1980390548706 9.84885787963867 9.43398094177246
1.41421353816986 1 0 0 0 0 0 0 0 0 0 1 1.41421353816986 2.2360680103302 2.82842707633972 3 3.16227769851685 3.60555124282837 4.12310552597046 4.4721360206604 5 5.65685415267944 6.32455539703369 6.70820379257202 7.21110248565674 7.81024980545044 8.48528099060059 9.21954441070557 9.89949512481689 10.0498752593994 10.1980390548706 10.4403066635132 10.7703294754028 11 11 11 11 11 11.0453605651855 11.1803398132324 11.4017543792725 11.7046995162964 12.0830459594727 12.5299644470215 13.0384044647217 13.34166431427 13.6014709472656 13.9283885955811 14 13.6014709472656 13.0384044647217 12.5299644470215 12.0830459594727 11.7046995162964 11.4017543792725 11.1803398132324 10.7703294754028 10.2956304550171
1.41421353816986 1 0 0 1 0 1 1 1 1 1 1.41421353816986 2 2.2360680103302 2.82842707633972 3.16227769851685 3.60555124282837 4.24264049530029 5 5.38516473770142 5.83095169067383 6.32455539703369 6.70820379257202 7.21110248565674 7.61577320098877 8.06225776672363 8.5440034866333 8.9442720413208 9.43398094177246 10 10.6301460266113 11 11.0453605651855 11.1803398132324 11.4017543792725 11.7046995162964 12 12 12.0415945053101 12.1655254364014 12.3693170547485 12.6491107940674 13 13.416407585144 13.8924436569214 14.3178215026855 14.5602197647095 14.8660688400269 15 14.4222049713135 13.8924436569214 13.416407585144 13 12.6491107940674 12.3693170547485 12.0830459594727 11.6619033813477 11.1803398132324
1 0 0 1 1 0 0 0 0 1 1 1 1 1.41421353816986 2 2.2360680103302 2.82842707633972 3.60555124282837 4.12310552597046 4.4721360206604 5 5.38516473770142 5.83095169067383 6.32455539703369 6.70820379257202 7.21110248565674 7.61577320098877 8.06225776672363 8.60232543945312 9.21954441070557 9.89949512481689 10 10.0498752593994 10.1980390548706 10.4403066635132 10.7703294754028 11.1803398132324 11.6619033813477 12.0830459594727 12.5299644470215 13 13.416407585144 13.8924436569214 14.3178215026855 14.7648229598999 15.2643375396729 15.5241746902466 15.8113880157471 15.8113880157471 15.2643375396729 14.7648229598999 14.3178215026855 13.9283885955811 13.6014709472656 13.34166431427 13 12.5299644470215 12.0415945053101
0 0 1 1.41421353816986 1.41421353816986 1 1 1 1 0 0 0 0 1 1 1.41421353816986 2.2360680103302 2.82842707633972 3.16227769851685 3.60555124282837 4.12310552597046 4.4721360206604 5 5.38516473770142 5.83095169067383 6.32455539703369 6.70820379257202 7.21110248565674 7.81024980545044 8.48528099060059 9 9 9.05538558959961 9.21954441070557 9.48683261871338 9.84885787963867 10.2956304550171 10.7703294754028 11.1803398132324 11.6619033813477 12.0830459594727 12.5299644470215 13 13.416407585144 13.8924436569214 14.4222049713135 15 15.6204996109009 16.1245155334473 16.1245155334473 15.65247631073 15.2315464019775 14.8660688400269 14.5602197647095 14.3178215026855 13.8924436569214 13.416407585144 12.806248664856
