data/grids/anth/KMTOCZ.asc
NCOLS 822 
NROWS 563 
XLLCORNER -58000 
YLLCORNER 5661000 
CELLSIZE 1000 
NODATA_value -9999 
[rows 430 to 472 of 563, columns 96 to 191 of 822]
28 29 29 30 30 30 31 31 32 32 33 34 34 35 35 36 37 37 38 39 40 40 41 42 43 43 44 45 46 47 47 48 49 50 51 52 52 53 54 55 56 57 58 58 57 57 56 56 56 55 55 54 54 54 53 53 53 53 52 52 52 52 52 51 51 51 51 51 51 51 51 51 51 51 51 51 51 51 52 52 52 52 52 53 53 53 53 54 54 54 55 55 56 56 56 57
28 28 28 29 29 30 30 31 31 32 32 33 33 34 35 35 36 37 37 38 39 40 40 41 42 43 44 44 45 46 47 48 49 49 50 51 52 53 54 55 55 56 57 57 56 56 55 55 55 54 54 53 53 53 52 52 52 52 51 51 51 51 51 50 50 50 50 50 50 50 50 50 50 50 50 50 50 50 51 51 51 51 51 52 52 52 52 53 53 53 54 54 55 55 55 56
27 27 27 28 28 29 29 30 30 31 31 32 33 33 34 35 35 36 37 38 38 39 40 41 41 42 43 44 45 45 46 47 48 49 50 51 51 52 53 54 55 56 56 56 55 55 55 54 54 53 53 53 52 52 52 51 51 51 50 50 50 50 50 49 49 49 49 49 49 49 49 49 49 49 49 49 49 49 50 50 50 50 50 51 51 51 52 52 52 53 53 53 54 54 55 55
26 26 26 27 27 28 28 29 29 30 31 31 32 33 33 34 35 35 36 37 38 38 39 40 41 42 42 43 44 45 46 47 48 48 49 50 51 52 53 54 55 55 56 55 55 54 54 53 53 52 52 52 51 51 51 50 50 50 49 49 49 49 49 49 48 48 48 48 48 48 48 48 48 48 48 48 48 49 49 49 49 49 49 50 50 50 51 51 51 52 52 52 53 53 54 54
25 25 25 26 26 27 27 28 29 29 30 30 31 32 33 33 34 35 35 36 37 38 39 39 40 41 42 43 44 44 45 46 47 48 49 50 51 51 52 53 54 55 55 54 54 53 53 52 52 51 51 51 50 50 50 49 49 49 49 48 48 48 48 48 47 47 47 47 47 47 47 47 47 47 47 47 47 48 48 48 48 48 49 49 49 49 50 50 50 51 51 51 52 52 53 53
24 24 25 25 26 26 27 27 28 28 29 30 30 31 32 33 33 34 35 36 36 37 38 39 40 40 41 42 43 44 45 46 47 47 48 49 50 51 52 53 54 54 54 53 53 52 52 51 51 51 50 50 49 49 49 48 48 48 48 47 47 47 47 47 46 46 46 46 46 46 46 46 46 46 46 46 46 47 47 47 47 47 48 48 48 48 49 49 49 50 50 51 51 51 52 52
23 23 24 24 25 25 26 26 27 28 28 29 30 30 31 32 33 33 34 35 36 37 37 38 39 40 41 42 43 43 44 45 46 47 48 49 50 51 51 52 53 54 53 52 52 51 51 51 50 50 49 49 48 48 48 47 47 47 47 46 46 46 46 46 45 45 45 45 45 45 45 45 45 45 45 45 45 46 46 46 46 46 47 47 47 47 48 48 48 49 49 50 50 51 51 51
22 22 23 23 24 24 25 26 26 27 28 28 29 30 30 31 32 33 34 34 35 36 37 38 39 39 40 41 42 43 44 45 46 47 47 48 49 50 51 52 53 53 52 52 51 51 50 50 49 49 48 48 48 47 47 46 46 46 46 45 45 45 45 45 44 44 44 44 44 44 44 44 44 44 44 44 44 45 45 45 45 45 46 46 46 46 47 47 48 48 48 49 49 50 50 51
21 21 22 22 23 24 24 25 25 26 27 28 28 29 30 31 31 32 33 34 35 36 36 37 38 39 40 41 42 42 43 44 45 46 47 48 49 50 51 52 52 52 51 51 50 50 49 49 48 48 47 47 47 46 46 46 45 45 45 44 44 44 44 44 43 43 43 43 43 43 43 43 43 43 43 43 43 44 44 44 44 44 45 45 45 46 46 46 47 47 47 48 48 49 49 50
20 21 21 22 22 23 23 24 25 25 26 27 28 28 29 30 31 32 32 33 34 35 36 37 38 38 39 40 41 42 43 44 45 46 47 48 48 49 50 51 52 51 50 50 49 49 48 48 47 47 47 46 46 45 45 45 44 44 44 43 43 43 43 43 42 42 42 42 42 42 42 42 42 42 42 42 42 43 43 43 43 43 44 44 44 45 45 45 46 46 47 47 47 48 48 49
19 20 20 21 21 22 23 23 24 25 25 26 27 28 29 29 30 31 32 33 34 34 35 36 37 38 39 40 41 42 43 43 44 45 46 47 48 49 50 51 51 50 50 49 49 48 48 47 47 46 46 45 45 44 44 44 43 43 43 42 42 42 42 42 41 41 41 41 41 41 41 41 41 41 41 41 41 42 42 42 42 42 43 43 43 44 44 44 45 45 46 46 47 47 48 48
18 19 19 20 21 21 22 23 23 24 25 26 26 27 28 29 30 31 31 32 33 34 35 36 37 38 38 39 40 41 42 43 44 45 46 47 48 49 50 51 50 49 49 48 48 47 47 46 46 45 45 44 44 43 43 43 42 42 42 41 41 41 41 41 40 40 40 40 40 40 40 40 40 40 40 40 40 41 41 41 41 41 42 42 42 43 43 43 44 44 45 45 46 46 47 47
17 18 19 19 20 21 21 22 23 23 24 25 26 27 27 28 29 30 31 32 33 34 34 35 36 37 38 39 40 41 42 43 44 45 46 46 47 48 49 50 49 49 48 47 47 46 46 45 45 44 44 43 43 43 42 42 41 41 41 41 40 40 40 40 39 39 39 39 39 39 39 39 39 39 39 39 39 40 40 40 40 41 41 41 41 42 42 43 43 43 44 44 45 45 46 46
17 17 18 18 19 20 21 21 22 23 24 24 25 26 27 28 29 30 30 31 32 33 34 35 36 37 38 39 40 40 41 42 43 44 45 46 47 48 49 49 48 48 47 47 46 45 45 44 44 43 43 42 42 42 41 41 40 40 40 40 39 39 39 39 38 38 38 38 38 38 38 38 38 38 38 38 38 39 39 39 39 40 40 40 40 41 41 42 42 42 43 43 44 44 45 45
16 16 17 18 18 19 20 21 21 22 23 24 25 26 26 27 28 29 30 31 32 33 34 35 35 36 37 38 39 40 41 42 43 44 45 46 47 48 49 48 48 47 46 46 45 45 44 44 43 43 42 42 41 41 40 40 40 39 39 39 38 38 38 38 37 37 37 37 37 37 37 37 37 37 37 37 37 38 38 38 38 39 39 39 40 40 40 41 41 42 42 43 43 44 44 45
15 16 16 17 18 18 19 20 21 22 22 23 24 25 26 27 28 29 30 30 31 32 33 34 35 36 37 38 39 40 41 42 43 44 45 46 47 48 48 48 47 46 46 45 44 44 43 43 42 42 41 41 40 40 39 39 39 38 38 38 37 37 37 37 36 36 36 36 36 36 36 36 36 36 36 36 36 37 37 37 37 38 38 38 39 39 39 40 40 41 41 42 42 43 43 44
14 15 16 16 17 18 19 19 20 21 22 23 24 25 25 26 27 28 29 30 31 32 33 34 35 36 37 38 39 40 41 41 42 43 44 45 46 47 47 47 46 45 45 44 44 43 42 42 41 41 40 40 39 39 38 38 38 37 37 37 36 36 36 36 36 35 35 35 35 35 35 35 35 35 35 35 36 36 36 36 36 37 37 37 38 38 38 39 39 40 40 41 41 42 42 43
13 14 15 16 16 17 18 19 20 21 21 22 23 24 25 26 27 28 29 30 31 32 33 34 34 35 36 37 38 39 40 41 42 43 44 45 46 47 47 46 45 45 44 43 43 42 42 41 40 40 39 39 38 38 38 37 37 36 36 36 35 35 35 35 35 34 34 34 34 34 34 34 34 34 34 34 35 35 35 35 35 36 36 36 37 37 38 38 38 39 39 40 40 41 42 42
13 13 14 15 16 17 17 18 19 20 21 22 23 24 25 26 27 28 28 29 30 31 32 33 34 35 36 37 38 39 40 41 42 43 44 45 46 47 46 45 45 44 43 43 42 41 41 40 40 39 39 38 38 37 37 36 36 35 35 35 34 34 34 34 34 33 33 33 33 33 33 33 33 33 33 33 34 34 34 34 34 35 35 35 36 36 37 37 38 38 39 39 40 40 41 41
12 13 14 14 15 16 17 18 19 20 21 22 22 23 24 25 26 27 28 29 30 31 32 33 34 35 36 37 38 39 40 41 42 43 44 45 46 46 45 45 44 43 43 42 41 41 40 39 39 38 38 37 37 36 36 35 35 35 34 34 34 33 33 33 33 32 32 32 32 32 32 32 32 32 32 32 33 33 33 33 34 34 34 35 35 35 36 36 37 37 38 38 39 39 40 41
11 12 13 14 15 16 17 17 18 19 20 21 22 23 24 25 26 27 28 29 30 31 32 33 34 35 36 37 38 39 40 41 42 43 44 45 46 45 45 44 43 42 42 41 40 40 39 39 38 37 37 36 36 35 35 34 34 34 33 33 33 32 32 32 32 31 31 31 31 31 31 31 31 31 31 31 32 32 32 32 33 33 33 34 34 34 35 35 36 36 37 37 38 39 39 40
11 12 13 13 14 15 16 17 18 19 20 21 22 23 24 25 26 27 28 29 30 31 32 33 34 35 36 36 37 38 39 40 41 42 43 44 45 45 44 43 42 42 41 40 40 39 38 38 37 37 36 36 35 34 34 34 33 33 32 32 32 31 31 31 31 30 30 30 30 30 30 30 30 30 30 30 31 31 31 31 32 32 32 33 33 34 34 34 35 36 36 37 37 38 38 39
10 11 12 13 14 15 16 17 18 19 20 21 22 23 24 25 25 26 27 28 29 30 31 32 33 34 35 36 37 38 39 40 41 42 43 44 45 44 43 42 42 41 40 40 39 38 38 37 36 36 35 35 34 34 33 33 32 32 31 31 31 30 30 30 30 29 29 29 29 29 29 29 29 29 29 29 30 30 30 30 31 31 31 32 32 33 33 34 34 35 35 36 36 37 38 38
10 11 12 13 14 15 16 16 17 18 19 20 21 22 23 24 25 26 27 28 29 30 31 32 33 34 35 36 37 38 39 40 41 42 43 44 44 43 43 42 41 40 40 39 38 38 37 36 36 35 34 34 33 33 32 32 31 31 30 30 30 29 29 29 29 28 28 28 28 28 28 28 28 28 28 28 29 29 29 29 30 30 30 31 31 32 32 33 33 34 34 35 36 36 37 38
9 10 11 12 13 14 15 16 17 18 19 20 21 22 23 24 25 26 27 28 29 30 31 32 33 34 35 36 37 38 39 40 41 42 43 44 43 43 42 41 40 40 39 38 37 37 36 35 35 34 34 33 32 32 31 31 30 30 30 29 29 28 28 28 28 27 27 27 27 27 27 27 27 27 27 27 28 28 28 28 29 29 30 30 30 31 31 32 32 33 34 34 35 35 36 37
9 10 11 12 13 14 15 16 17 18 19 20 21 22 23 24 25 26 27 28 29 30 31 32 33 34 35 36 37 38 39 40 41 42 43 44 43 42 41 40 40 39 38 37 37 36 35 35 34 33 33 32 32 31 31 30 30 29 29 28 28 28 27 27 27 26 26 26 26 26 26 26 26 26 26 26 27 27 27 28 28 28 29 29 30 30 31 31 32 32 33 33 34 35 35 36
9 10 11 12 13 14 15 16 17 18 19 20 21 22 23 24 25 26 27 28 29 30 31 32 33 34 35 36 37 38 39 40 41 42 43 43 42 41 41 40 39 38 38 37 36 35 35 34 33 33 32 31 31 30 30 29 29 28 28 27 27 27 26 26 26 25 25 25 25 25 25 25 25 25 25 25 26 26 26 27 27 27 28 28 29 29 30 30 31 31 32 33 33 34 35 35
9 10 11 12 13 14 15 16 17 18 19 20 21 22 23 24 25 26 27 28 29 30 31 32 33 34 35 36 37 38 39 40 41 42 43 42 42 41 40 39 38 38 37 36 35 35 34 33 33 32 31 31 30 29 29 28 28 27 27 26 26 26 25 25 25 25 24 24 24 24 24 24 24 24 24 25 25 25 25 26 26 26 27 27 28 28 29 29 30 31 31 32 33 33 34 35
9 10 11 12 13 14 15 16 17 18 19 20 21 22 23 24 25 26 27 28 29 30 31 32 33 34 35 36 37 38 39 40 41 42 43 42 41 40 39 39 38 37 36 35 35 34 33 33 32 31 30 30 29 29 28 27 27 26 26 25 25 25 24 24 24 24 23 23 23 23 23 23 23 23 23 24 24 24 24 25 25 25 26 26 27 27 28 29 29 30 30 31 32 33 33 34
9 10 11 12 13 14 15 16 17 18 19 20 21 22 23 24 25 26 27 28 29 30 31 32 33 34 35 36 37 38 39 40 41 42 42 41 40 40 39 38 37 36 36 35 34 33 33 32 31 30 30 29 28 28 27 27 26 26 25 25 24 24 23 23 23 23 22 22 22 22 22 22 22 22 22 23 23 23 23 24 24 25 25 26 26 27 27 28 28 29 30 30 31 32 33 33
9 10 11 12 13 14 15 16 17 18 19 20 21 22 23 24 25 26 27 28 29 30 31 32 33 34 35 36 37 38 39 40 41 42 42 41 40 39 38 37 37 36 35 34 33 33 32 31 30 30 29 28 28 27 26 26 25 25 24 24 23 23 22 22 22 22 21 21 21 21 21 21 21 21 21 22 22 22 22 23 23 24 24 25 25 26 26 27 28 28 29 30 30 31 32 33
10 11 12 13 14 15 16 16 17 18 19 20 21 22 23 24 25 26 27 28 29 30 31 32 33 34 35 36 37 38 39 40 41 42 41 40 39 39 38 37 36 35 34 34 33 32 31 30 30 29 28 28 27 26 26 25 24 24 23 23 22 22 22 21 21 21 20 20 20 20 20 20 20 20 20 21 21 21 22 22 22 23 23 24 24 25 26 26 27 28 28 29 30 30 31 32
10 11 12 13 14 15 16 17 18 19 20 21 22 23 24 25 25 26 27 28 29 30 31 32 33 34 35 36 37 38 39 40 41 42 41 40 39 38 37 36 36 35 34 33 32 31 31 30 29 28 28 27 26 25 25 24 24 23 22 22 21 21 21 20 20 20 19 19 19 19 19 19 19 19 19 20 20 20 21 21 21 22 22 23 24 24 25 25 26 27 28 28 29 30 31 31
11 12 13 13 14 15 16 17 18 19 20 21 22 23 24 25 26 27 28 29 30 31 32 33 34 35 36 36 37 38 39 40 41 41 40 39 38 38 37 36 35 34 33 32 32 31 30 29 28 28 27 26 25 25 24 23 23 22 22 21 21 20 20 19 19 19 18 18 18 18 18 18 18 18 18 19 19 19 20 20 21 21 22 22 23 23 24 25 25 26 27 28 28 29 30 31
11 12 13 14 15 16 17 17 18 19 20 21 22 23 24 25 26 27 28 29 30 31 32 33 34 35 36 37 38 39 40 41 42 41 40 39 38 37 36 35 34 34 33 32 31 30 29 29 28 27 26 25 25 24 23 23 22 21 21 20 20 19 19 18 18 18 17 17 17 17 17 17 17 17 17 18 18 18 19 19 20 20 21 21 22 23 23 24 25 25 26 27 28 29 29 30
12 13 14 14 15 16 17 18 19 20 21 22 22 23 24 25 26 27 28 29 30 31 32 33 34 35 36 37 38 39 40 41 41 40 39 38 38 37 36 35 34 33 32 31 31 30 29 28 27 26 26 25 24 23 23 22 21 21 20 19 19 18 18 17 17 17 16 16 16 16 16 16 16 16 16 17 17 17 18 18 19 19 20 21 21 22 23 23 24 25 26 26 27 28 29 30
13 13 14 15 16 17 17 18 19 20 21 22 23 24 25 26 27 28 28 29 30 31 32 33 34 35 36 37 38 39 40 41 41 40 39 38 37 36 35 34 34 33 32 31 30 29 28 27 27 26 25 24 23 23 22 21 21 20 19 19 18 17 17 17 16 16 16 15 15 15 15 15 15 15 16 16 16 17 17 17 18 19 19 20 21 21 22 23 23 24 25 26 27 27 28 29
13 14 15 16 16 17 18 19 20 21 21 22 23 24 25 26 27 28 29 30 31 32 33 34 34 35 36 37 38 39 40 41 40 40 39 38 37 36 35 34 33 32 31 30 30 29 28 27 26 25 24 24 23 22 21 21 20 19 18 18 17 17 16 16 15 15 15 14 14 14 14 14 14 14 15 15 15 16 16 17 17 18 18 19 20 21 21 22 23 24 24 25 26 27 28 29
14 15 16 16 17 18 19 19 20 21 22 23 24 25 25 26 27 28 29 30 31 32 33 34 35 36 37 38 39 40 41 41 40 39 38 37 36 35 35 34 33 32 31 30 29 28 27 26 26 25 24 23 22 21 21 20 19 18 18 17 16 16 15 15 14 14 14 13 13 13 13 13 13 13 14 14 14 15 15 16 16 17 18 18 19 20 21 21 22 23 24 25 26 26 27 28
15 16 16 17 18 18 19 20 21 22 22 23 24 25 26 27 28 29 30 30 31 32 33 34 35 36 37 38 39 40 41 41 40 39 38 37 36 35 34 33 32 31 30 30 29 28 27 26 25 24 23 22 22 21 20 19 18 18 17 16 16 15 14 14 13 13 13 12 12 12 12 12 12 12 13 13 13 14 14 15 16 16 17 18 18 19 20 21 22 22 23 24 25 26 27 28
16 16 17 18 18 19 20 21 21 22 23 24 25 26 26 27 28 29 30 31 32 33 34 35 35 36 37 38 39 40 41 41 40 39 38 37 36 35 34 33 32 31 30 29 28 27 26 25 25 24 23 22 21 20 19 19 18 17 16 16 15 14 14 13 13 12 12 11 11 11 11 11 11 11 12 12 13 13 14 14 15 16 16 17 18 19 19 20 21 22 23 24 25 25 26 27
-9999 -9999 -9999 -9999 -9999 -9999 -9999 -9999 -9999 -9999 -9999 -9999 25 25 26 27 28 29 30 31 32 33 34 35 36 37 38 39 40 40 41 40 39 38 37 36 35 34 34 33 32 31 30 29 28 27 26 25 24 23 22 21 21 20 19 18 17 16 16 15 14 13 13 12 12 11 11 10 10 10 10 10 10 10 11 11 12 12 13 13 14 15 16 16 17 18 19 20 21 21 22 23 24 25 26 27
-9999 -9999 -9999 -9999 -9999 -9999 -9999 -9999 -9999 -9999 -9999 -9999 -9999 -9999 -9999 -9999 -9999 29 30 31 32 33 34 34 35 36 37 38 39 40 41 40 39 38 37 36 35 34 33 32 31 30 29 28 28 27 26 25 24 23 22 21 20 19 18 17 17 16 15 14 13 13 12 11 11 10 10 9 9 9 9 9 9 9 10 10 11 11 12 13 13 14 15 16 17 17 18 19 20 21 22 23 24 25 26 27
