data/grids/anth/KMTORZ.asc
NCOLS 822 
NROWS 563 
XLLCORNER -58000 
YLLCORNER 5661000 
CELLSIZE 1000 
NODATA_value -9999 
[rows 322 to 367 of 563, columns 0 to 95 of 822]
-9999 -9999 -9999 -9999 -9999 -9999 -9999 -9999 -9999 -9999 -9999 -9999 -9999 -9999 -9999 -9999 -9999 -9999 -9999 -9999 86 86 85 84 84 83 82 82 81 81 80 79 79 78 78 77 77 76 75 75 74 74 73 73 72 72 72 71 71 70 70 69 69 69 68 68 68 67 67 67 66 66 66 66 66 65 64 63 62 61 61 60 59 58 57 56 55 54 53 52 51 51 50 49 48 47 46 45 44 44 43 42 41 40 39 39
-9999 -9999 -9999 -9999 -9999 -9999 -9999 -9999 -9999 -9999 -9999 -9999 -9999 -9999 -9999 -9999 -9999 -9999 -9999 -9999 86 85 85 85 84 84 83 83 82 81 81 80 80 79 78 78 77 77 76 76 75 75 74 74 73 73 72 72 72 71 71 70 70 70 69 69 69 68 68 68 67 67 67 67 66 66 65 64 63 62 61 60 59 58 57 56 55 55 54 53 52 51 50 49 48 48 47 46 45 44 43 42 42 41 40 39
-9999 -9999 -9999 -9999 -9999 -9999 -9999 -9999 -9999 -9999 -9999 -9999 -9999 -9999 -9999 -9999 -9999 -9999 -9999 -9999 -9999 85 84 84 83 83 82 82 81 81 81 80 80 79 79 79 78 78 77 77 76 76 75 75 74 74 73 73 72 72 72 71 71 71 70 70 70 69 69 69 68 68 68 68 67 66 65 64 63 62 61 60 60 59 58 57 56 55 54 53 52 51 51 50 49 48 47 46 45 45 44 43 42 41 41 40
-9999 -9999 -9999 -9999 -9999 -9999 -9999 -9999 -9999 -9999 -9999 -9999 -9999 -9999 -9999 -9999 -9999 -9999 -9999 -9999 -9999 84 83 83 82 82 81 81 81 80 80 79 79 79 78 78 77 77 77 77 76 76 76 75 75 75 74 74 73 73 73 72 72 72 71 71 71 70 70 70 69 69 69 68 67 66 65 64 64 63 62 61 60 59 58 57 56 55 55 54 53 52 51 50 49 49 48 47 46 45 44 44 43 42 41 40
-9999 -9999 -9999 -9999 -9999 -9999 -9999 -9999 -9999 -9999 -9999 -9999 -9999 -9999 -9999 -9999 -9999 -9999 -9999 -9999 -9999 83 82 82 81 81 80 80 80 79 79 78 78 78 77 77 77 76 76 76 75 75 75 74 74 74 74 74 73 73 73 73 73 72 72 72 71 71 71 71 70 70 69 69 68 67 66 65 64 63 62 61 60 59 59 58 57 56 55 54 53 52 52 51 50 49 48 47 47 46 45 44 43 43 42 41
-9999 -9999 -9999 -9999 -9999 -9999 -9999 -9999 -9999 -9999 -9999 -9999 -9999 -9999 -9999 -9999 -9999 -9999 -9999 -9999 -9999 82 81 81 81 80 80 79 79 78 78 77 77 77 76 76 76 75 75 75 74 74 74 73 73 73 73 73 72 72 72 72 72 72 71 71 71 71 71 71 71 71 70 69 68 67 66 65 64 64 63 62 61 60 59 58 57 56 56 55 54 53 52 51 50 50 49 48 47 46 46 45 44 43 43 42
-9999 -9999 -9999 -9999 -9999 -9999 -9999 -9999 -9999 -9999 -9999 -9999 -9999 -9999 -9999 -9999 -9999 -9999 -9999 -9999 -9999 81 81 80 80 79 79 78 78 77 77 77 76 76 75 75 75 74 74 74 73 73 73 73 72 72 72 72 71 71 71 71 71 71 70 70 70 70 70 70 70 70 70 69 68 68 67 66 65 64 63 62 61 60 60 59 58 57 56 55 54 54 53 52 51 50 49 49 48 47 46 45 45 44 43 42
-9999 -9999 -9999 -9999 -9999 -9999 -9999 -9999 -9999 -9999 -9999 -9999 -9999 -9999 -9999 -9999 -9999 -9999 -9999 -9999 -9999 80 80 79 79 78 78 77 77 76 76 76 75 75 74 74 74 73 73 73 72 72 72 72 71 71 71 71 70 70 70 70 70 70 69 69 69 69 69 69 69 69 69 69 69 68 67 66 65 64 64 63 62 61 60 59 58 57 57 56 55 54 53 52 52 51 50 49 48 48 47 46 45 45 44 43
-9999 -9999 -9999 -9999 -9999 -9999 -9999 -9999 -9999 -9999 -9999 -9999 -9999 -9999 -9999 -9999 -9999 -9999 -9999 -9999 -9999 79 79 78 78 77 77 76 76 76 75 75 74 74 74 73 73 72 72 72 71 71 71 71 70 70 70 70 69 69 69 69 69 69 68 68 68 68 68 68 68 68 68 68 68 68 68 67 66 65 64 63 62 61 61 60 59 58 57 56 55 55 54 53 52 51 51 50 49 48 48 47 46 45 45 44
-9999 -9999 -9999 -9999 -9999 -9999 -9999 -9999 -9999 -9999 -9999 -9999 -9999 -9999 -9999 -9999 -9999 -9999 -9999 -9999 -9999 79 78 78 77 77 76 76 75 75 74 74 73 73 73 72 72 72 71 71 71 70 70 70 69 69 69 69 68 68 68 68 68 68 67 67 67 67 67 67 67 67 67 67 67 67 67 67 66 65 64 64 63 62 61 60 59 59 58 57 56 55 54 54 53 52 51 50 50 49 48 47 47 46 45 45
-9999 -9999 -9999 -9999 -9999 -9999 -9999 -9999 -9999 -9999 -9999 -9999 -9999 -9999 -9999 -9999 -9999 -9999 -9999 -9999 -9999 78 77 77 76 76 75 75 74 74 73 73 72 72 72 71 71 71 70 70 70 69 69 69 68 68 68 68 67 67 67 67 67 67 66 66 66 66 66 66 66 66 66 66 66 66 66 66 66 66 65 64 63 62 62 61 60 59 58 57 57 56 55 54 53 53 52 51 50 50 49 48 47 47 46 45
-9999 -9999 -9999 -9999 -9999 -9999 -9999 -9999 -9999 -9999 -9999 -9999 -9999 -9999 -9999 -9999 -9999 -9999 -9999 -9999 -9999 77 76 76 75 75 74 74 73 73 72 72 72 71 71 70 70 70 69 69 69 68 68 68 67 67 67 67 66 66 66 66 66 66 65 65 65 65 65 65 65 65 65 65 65 65 65 65 65 65 65 65 64 63 62 61 60 60 59 58 57 56 56 55 54 53 52 52 51 50 50 49 48 47 47 46
-9999 -9999 -9999 -9999 -9999 -9999 -9999 -9999 -9999 -9999 -9999 -9999 -9999 -9999 -9999 -9999 -9999 -9999 -9999 -9999 -9999 76 75 75 74 74 73 73 72 72 72 71 71 70 70 69 69 69 68 68 68 67 67 67 66 66 66 66 66 65 65 65 65 65 64 64 64 64 64 64 64 64 64 64 64 64 64 64 64 64 64 64 64 64 63 62 61 60 59 59 58 57 56 55 55 54 53 52 52 51 50 49 49 48 47 47
-9999 -9999 -9999 -9999 -9999 -9999 -9999 -9999 -9999 -9999 -9999 -9999 -9999 -9999 -9999 -9999 -9999 -9999 -9999 -9999 -9999 75 75 74 74 73 73 72 72 71 71 70 70 69 69 69 68 68 67 67 67 66 66 66 66 65 65 65 65 64 64 64 64 64 64 63 63 63 63 63 63 63 63 63 63 63 63 63 63 63 63 63 64 64 63 62 62 61 60 59 58 58 57 56 55 55 54 53 52 52 51 50 50 49 48 48
-9999 -9999 -9999 -9999 -9999 -9999 -9999 -9999 -9999 -9999 -9999 -9999 -9999 -9999 -9999 -9999 -9999 -9999 -9999 -9999 -9999 74 74 73 73 72 72 71 71 70 70 69 69 68 68 68 67 67 66 66 66 65 65 65 65 64 64 64 64 63 63 63 63 63 63 62 62 62 62 62 62 62 62 62 62 62 62 62 62 62 62 62 63 63 63 63 62 61 61 60 59 58 57 57 56 55 54 54 53 52 52 51 50 50 49 48
-9999 -9999 -9999 -9999 -9999 -9999 -9999 -9999 -9999 -9999 -9999 -9999 -9999 -9999 -9999 -9999 -9999 -9999 -9999 -9999 -9999 73 73 72 72 71 71 70 70 69 69 68 68 68 67 67 66 66 66 65 65 65 64 64 64 63 63 63 63 62 62 62 62 62 62 61 61 61 61 61 61 61 61 61 61 61 61 61 61 61 61 61 62 62 62 62 62 62 61 60 60 59 58 57 57 56 55 54 54 53 52 52 51 50 50 49
-9999 -9999 -9999 -9999 -9999 -9999 -9999 -9999 -9999 -9999 -9999 -9999 -9999 -9999 -9999 -9999 -9999 -9999 -9999 -9999 -9999 -9999 72 72 71 70 70 69 69 68 68 68 67 67 66 66 65 65 65 64 64 64 63 63 63 62 62 62 62 61 61 61 61 61 61 60 60 60 60 60 60 60 60 60 60 60 60 60 60 60 60 60 61 61 61 61 61 61 62 61 60 60 59 58 57 57 56 55 54 54 53 52 52 51 50 50
-9999 -9999 -9999 -9999 -9999 -9999 -9999 -9999 -9999 -9999 -9999 -9999 -9999 -9999 -9999 -9999 -9999 -9999 -9999 -9999 -9999 -9999 71 71 70 70 69 69 68 68 67 67 66 66 65 65 64 64 64 63 63 63 62 62 62 61 61 61 61 60 60 60 60 60 60 59 59 59 59 59 59 59 59 59 59 59 59 59 59 59 59 59 60 60 60 60 60 60 61 61 61 60 59 59 58 57 57 56 55 54 54 53 52 52 51 51
-9999 -9999 -9999 -9999 -9999 -9999 -9999 -9999 -9999 -9999 -9999 -9999 -9999 -9999 -9999 -9999 -9999 -9999 -9999 -9999 -9999 -9999 70 70 69 69 68 68 67 67 66 66 65 65 64 64 64 63 63 62 62 62 61 61 61 60 60 60 60 59 59 59 59 59 59 58 58 58 58 58 58 58 58 58 58 58 58 58 58 58 58 58 59 59 59 59 59 59 60 60 60 60 60 59 59 58 57 57 56 55 55 54 53 53 52 51
-9999 -9999 -9999 -9999 -9999 -9999 -9999 -9999 -9999 -9999 -9999 -9999 -9999 -9999 -9999 -9999 -9999 -9999 -9999 -9999 -9999 -9999 70 69 69 68 67 67 66 66 65 65 64 64 64 63 63 62 62 61 61 61 60 60 60 59 59 59 59 58 58 58 58 58 58 57 57 57 57 57 57 57 57 57 57 57 57 57 57 57 57 57 58 58 58 58 58 58 59 59 59 59 60 60 59 59 58 57 57 56 55 55 54 53 53 52
-9999 -9999 -9999 -9999 -9999 -9999 -9999 -9999 -9999 -9999 -9999 -9999 -9999 -9999 -9999 -9999 -9999 -9999 -9999 -9999 -9999 -9999 69 68 68 67 67 66 66 65 64 64 64 63 63 62 62 61 61 61 60 60 59 59 59 59 58 58 58 57 57 57 57 57 57 56 56 56 56 56 56 56 56 56 56 56 56 56 56 56 56 56 57 57 57 57 57 57 58 58 58 59 59 59 59 59 59 58 57 57 56 55 55 54 54 53
-9999 -9999 -9999 -9999 -9999 -9999 -9999 -9999 -9999 -9999 -9999 -9999 -9999 -9999 -9999 -9999 -9999 -9999 -9999 -9999 -9999 -9999 68 67 67 66 66 65 65 64 64 63 63 62 62 61 61 60 60 60 59 59 59 58 58 58 57 57 57 57 56 56 56 56 56 55 55 55 55 55 55 55 55 55 55 55 55 55 55 55 55 55 56 56 56 56 56 57 57 57 57 58 58 58 59 59 59 59 58 57 57 56 56 55 54 54
-9999 -9999 -9999 -9999 -9999 -9999 -9999 -9999 -9999 -9999 -9999 -9999 -9999 -9999 -9999 -9999 -9999 -9999 -9999 -9999 -9999 -9999 67 67 66 65 65 64 64 63 63 62 62 61 61 60 60 60 59 59 58 58 58 57 57 57 56 56 56 56 55 55 55 55 55 54 54 54 54 54 54 54 54 54 54 54 54 54 54 54 54 54 55 55 55 55 55 56 56 56 56 57 57 57 58 58 58 59 59 58 58 57 56 56 55 55
-9999 -9999 -9999 -9999 -9999 -9999 -9999 -9999 -9999 -9999 -9999 -9999 -9999 -9999 -9999 -9999 -9999 -9999 -9999 -9999 -9999 -9999 66 66 65 65 64 64 63 62 62 61 61 60 60 59 59 59 58 58 57 57 57 56 56 56 55 55 55 55 54 54 54 54 54 53 53 53 53 53 53 53 53 53 53 53 53 53 53 53 53 53 54 54 54 54 54 55 55 55 55 56 56 56 57 57 57 58 58 59 58 58 57 57 56 55
-9999 -9999 -9999 -9999 -9999 -9999 -9999 -9999 -9999 -9999 -9999 -9999 -9999 -9999 -9999 -9999 -9999 -9999 -9999 -9999 -9999 -9999 66 65 64 64 63 63 62 62 61 61 60 60 59 59 58 58 57 57 56 56 56 55 55 55 54 54 54 54 53 53 53 53 53 52 52 52 52 52 52 52 52 52 52 52 52 52 52 52 52 52 53 53 53 53 53 54 54 54 54 55 55 55 56 56 56 57 57 58 58 59 58 57 57 56
-9999 -9999 -9999 -9999 -9999 -9999 -9999 -9999 -9999 -9999 -9999 -9999 -9999 -9999 -9999 -9999 -9999 -9999 -9999 -9999 -9999 -9999 65 64 64 63 62 62 61 61 60 60 59 59 58 58 57 57 56 56 56 55 55 54 54 54 53 53 53 53 52 52 52 52 52 51 51 51 51 51 51 51 51 51 51 51 51 51 51 51 51 51 52 52 52 52 52 53 53 53 53 54 54 54 55 55 56 56 56 57 57 58 58 58 58 57
-9999 -9999 -9999 -9999 -9999 -9999 -9999 -9999 -9999 -9999 -9999 -9999 -9999 -9999 -9999 -9999 -9999 -9999 -9999 -9999 -9999 -9999 64 63 63 62 62 61 60 60 59 59 58 58 57 57 56 56 55 55 55 54 54 53 53 53 52 52 52 52 51 51 51 51 51 50 50 50 50 50 50 50 50 50 50 50 50 50 50 50 50 50 51 51 51 51 51 52 52 52 52 53 53 53 54 54 55 55 55 56 56 57 57 58 58 58
-9999 -9999 -9999 -9999 -9999 -9999 -9999 -9999 -9999 -9999 -9999 -9999 -9999 -9999 -9999 -9999 -9999 -9999 -9999 -9999 -9999 -9999 63 63 62 61 61 60 60 59 59 58 57 57 56 56 55 55 55 54 54 53 53 53 52 52 52 51 51 51 50 50 50 50 50 49 49 49 49 49 49 49 49 49 49 49 49 49 49 49 49 49 50 50 50 50 50 51 51 51 52 52 52 53 53 53 54 54 55 55 55 56 56 57 57 58
-9999 -9999 -9999 -9999 -9999 -9999 -9999 -9999 -9999 -9999 -9999 -9999 -9999 -9999 -9999 -9999 -9999 -9999 -9999 -9999 -9999 -9999 62 62 61 61 60 59 59 58 58 57 57 56 56 55 55 54 54 53 53 52 52 52 51 51 51 50 50 50 49 49 49 49 49 49 48 48 48 48 48 48 48 48 48 48 48 48 48 48 48 49 49 49 49 49 49 50 50 50 51 51 51 52 52 52 53 53 54 54 55 55 56 56 57 57
-9999 -9999 -9999 -9999 -9999 -9999 -9999 -9999 -9999 -9999 -9999 -9999 -9999 -9999 -9999 -9999 -9999 -9999 -9999 -9999 -9999 -9999 62 61 60 60 59 59 58 57 57 56 56 55 55 54 54 53 53 52 52 51 51 51 50 50 50 49 49 49 49 48 48 48 48 48 47 47 47 47 47 47 47 47 47 47 47 47 47 47 47 48 48 48 48 48 49 49 49 49 50 50 50 51 51 51 52 52 53 53 54 54 55 55 56 56
-9999 -9999 -9999 -9999 -9999 -9999 -9999 -9999 -9999 -9999 -9999 -9999 -9999 -9999 -9999 -9999 -9999 -9999 -9999 -9999 -9999 -9999 61 60 60 59 58 58 57 57 56 55 55 54 54 53 53 52 52 51 51 51 50 50 49 49 49 48 48 48 48 47 47 47 47 47 46 46 46 46 46 46 46 46 46 46 46 46 46 46 46 47 47 47 47 47 48 48 48 48 49 49 49 50 50 51 51 51 52 52 53 53 54 54 55 55
-9999 -9999 -9999 -9999 -9999 -9999 -9999 -9999 -9999 -9999 -9999 -9999 -9999 -9999 -9999 -9999 -9999 -9999 -9999 -9999 -9999 -9999 60 60 59 58 58 57 56 56 55 55 54 54 53 52 52 51 51 51 50 50 49 49 48 48 48 47 47 47 47 46 46 46 46 46 45 45 45 45 45 45 45 45 45 45 45 45 45 45 45 46 46 46 46 46 47 47 47 47 48 48 48 49 49 50 50 51 51 51 52 52 53 54 54 55
-9999 -9999 -9999 -9999 -9999 -9999 -9999 -9999 -9999 -9999 -9999 -9999 -9999 -9999 -9999 -9999 -9999 -9999 -9999 -9999 -9999 -9999 -9999 59 58 57 57 56 56 55 54 54 53 53 52 52 51 51 50 50 49 49 48 48 48 47 47 46 46 46 46 45 45 45 45 45 44 44 44 44 44 44 44 44 44 44 44 44 44 44 44 45 45 45 45 45 46 46 46 46 47 47 48 48 48 49 49 50 50 51 51 52 52 53 53 54
-9999 -9999 -9999 -9999 -9999 -9999 -9999 -9999 -9999 -9999 -9999 -9999 -9999 -9999 -9999 -9999 -9999 -9999 -9999 -9999 -9999 -9999 -9999 58 57 57 56 55 55 54 54 53 52 52 51 51 50 50 49 49 48 48 47 47 47 46 46 46 45 45 45 44 44 44 44 44 43 43 43 43 43 43 43 43 43 43 43 43 43 43 43 44 44 44 44 44 45 45 45 46 46 46 47 47 47 48 48 49 49 50 50 51 51 52 52 53
-9999 -9999 -9999 -9999 -9999 -9999 -9999 -9999 -9999 -9999 -9999 -9999 -9999 -9999 -9999 -9999 -9999 -9999 -9999 -9999 -9999 -9999 -9999 57 57 56 55 55 54 53 53 52 52 51 50 50 49 49 48 48 47 47 47 46 46 45 45 45 44 44 44 43 43 43 43 43 42 42 42 42 42 42 42 42 42 42 42 42 42 42 42 43 43 43 43 43 44 44 44 45 45 45 46 46 47 47 47 48 48 49 49 50 50 51 52 52
-9999 -9999 -9999 -9999 -9999 -9999 -9999 -9999 -9999 -9999 -9999 -9999 -9999 -9999 -9999 -9999 -9999 -9999 -9999 -9999 -9999 -9999 -9999 57 56 55 55 54 53 53 52 51 51 50 50 49 49 48 48 47 47 46 46 45 45 44 44 44 43 43 43 42 42 42 42 42 41 41 41 41 41 41 41 41 41 41 41 41 41 41 41 42 42 42 42 42 43 43 43 44 44 44 45 45 46 46 47 47 48 48 49 49 50 50 51 51
-9999 -9999 -9999 -9999 -9999 -9999 -9999 -9999 -9999 -9999 -9999 -9999 -9999 -9999 -9999 -9999 -9999 -9999 -9999 -9999 -9999 -9999 -9999 56 55 54 54 53 52 52 51 51 50 49 49 48 48 47 47 46 46 45 45 44 44 43 43 43 42 42 42 41 41 41 41 41 40 40 40 40 40 40 40 40 40 40 40 40 40 40 40 41 41 41 41 41 42 42 42 43 43 43 44 44 45 45 46 46 47 47 48 48 49 49 50 51
-9999 -9999 -9999 -9999 -9999 -9999 -9999 -9999 -9999 -9999 -9999 -9999 -9999 -9999 -9999 -9999 -9999 -9999 -9999 -9999 -9999 -9999 -9999 55 54 54 53 52 52 51 50 50 49 49 48 47 47 46 46 45 45 44 44 43 43 43 42 42 41 41 41 41 40 40 40 40 39 39 39 39 39 39 39 39 39 39 39 39 39 39 39 40 40 40 40 41 41 41 41 42 42 43 43 43 44 44 45 45 46 46 47 47 48 49 49 50
-9999 -9999 -9999 -9999 -9999 -9999 -9999 -9999 -9999 -9999 -9999 -9999 -9999 -9999 -9999 -9999 -9999 -9999 -9999 -9999 -9999 -9999 -9999 54 54 53 52 52 51 50 50 49 48 48 47 47 46 45 45 44 44 43 43 42 42 42 41 41 40 40 40 40 39 39 39 39 38 38 38 38 38 38 38 38 38 38 38 38 38 38 38 39 39 39 39 40 40 40 40 41 41 42 42 42 43 43 44 44 45 45 46 47 47 48 48 49
-9999 -9999 -9999 -9999 -9999 -9999 -9999 -9999 -9999 -9999 -9999 -9999 -9999 -9999 -9999 -9999 -9999 -9999 -9999 -9999 -9999 -9999 -9999 54 53 52 52 51 50 50 49 48 48 47 46 46 45 45 44 44 43 43 42 42 41 41 40 40 40 39 39 39 38 38 38 38 37 37 37 37 37 37 37 37 37 37 37 37 37 37 37 38 38 38 38 39 39 39 40 40 40 41 41 42 42 43 43 44 44 45 45 46 46 47 48 48
-9999 -9999 -9999 -9999 -9999 -9999 -9999 -9999 -9999 -9999 -9999 -9999 -9999 -9999 -9999 -9999 -9999 -9999 -9999 -9999 -9999 -9999 -9999 53 52 52 51 50 50 49 48 48 47 46 46 45 44 44 43 43 42 42 41 41 40 40 39 39 39 38 38 38 37 37 37 37 36 36 36 36 36 36 36 36 36 36 36 36 36 36 36 37 37 37 37 38 38 38 39 39 39 40 40 41 41 42 42 43 43 44 44 45 46 46 47 48
-9999 -9999 -9999 -9999 -9999 -9999 -9999 -9999 -9999 -9999 -9999 -9999 -9999 -9999 -9999 -9999 -9999 -9999 -9999 -9999 -9999 -9999 -9999 52 52 51 50 49 49 48 47 47 46 45 45 44 44 43 42 42 41 41 40 40 39 39 38 38 38 37 37 37 36 36 36 36 36 35 35 35 35 35 35 35 35 35 35 35 35 35 36 36 36 36 36 37 37 37 38 38 38 39 39 40 40 41 41 42 42 43 44 44 45 45 46 47
-9999 -9999 -9999 -9999 -9999 -9999 -9999 -9999 -9999 -9999 -9999 -9999 -9999 -9999 -9999 -9999 -9999 -9999 -9999 -9999 -9999 -9999 -9999 52 51 50 50 49 48 47 47 46 45 45 44 43 43 42 42 41 40 40 39 39 38 38 38 37 37 36 36 36 35 35 35 35 35 34 34 34 34 34 34 34 34 34 34 34 34 34 35 35 35 35 35 36 36 36 37 37 38 38 38 39 39 40 40 41 42 42 43 43 44 45 45 46
-9999 -9999 -9999 -9999 -9999 -9999 -9999 -9999 -9999 -9999 -9999 -9999 -9999 -9999 -9999 -9999 -9999 -9999 -9999 -9999 -9999 -9999 -9999 51 50 50 49 48 47 47 46 45 45 44 43 43 42 41 41 40 40 39 39 38 38 37 37 36 36 35 35 35 34 34 34 34 34 33 33 33 33 33 33 33 33 33 33 33 33 33 34 34 34 34 34 35 35 35 36 36 37 37 38 38 39 39 40 40 41 41 42 43 43 44 45 45
-9999 -9999 -9999 -9999 -9999 -9999 -9999 -9999 -9999 -9999 -9999 -9999 -9999 -9999 -9999 -9999 -9999 -9999 -9999 -9999 -9999 -9999 -9999 50 50 49 48 47 47 46 45 45 44 43 43 42 41 41 40 39 39 38 38 37 37 36 36 35 35 35 34 34 34 33 33 33 33 32 32 32 32 32 32 32 32 32 32 32 32 32 33 33 33 33 34 34 34 35 35 35 36 36 37 37 38 38 39 39 40 41 41 42 43 43 44 45
-9999 -9999 -9999 -9999 -9999 -9999 -9999 -9999 -9999 -9999 -9999 -9999 -9999 -9999 -9999 -9999 -9999 -9999 -9999 -9999 -9999 -9999 -9999 50 49 48 48 47 46 45 45 44 43 42 42 41 40 40 39 39 38 37 37 36 36 35 35 34 34 34 33 33 33 32 32 32 32 31 31 31 31 31 31 31 31 31 31 31 31 31 32 32 32 32 33 33 33 34 34 34 35 35 36 36 37 37 38 39 39 40 40 41 42 42 43 44
