data/grids/anth/KMTOHWY.asc
NCOLS 822 
NROWS 563 
XLLCORNER -58000 
YLLCORNER 5661000 
CELLSIZE 1000 
NODATA_value -9999 
[rows 182 to 207 of 563, columns 58 to 115 of 822]
45.694637298584 46.0977210998535 46.3896522521973 46.5295600891113 46.6904716491699 46.8721656799316 47.0744094848633 47.2969360351562 47.5394554138184 47.8016738891602 48.0832595825195 48.3838806152344 48.703182220459 49.0407981872559 49.396354675293 49.7694702148438 50.1597442626953 50.5667877197266 50.8035430908203 50.9901962280273 51.1957015991211 51.4198417663574 51.6623649597168 51.9230194091797 52.2015342712402 52.4976196289062 52.8109855651855 53.1413192749023 52.2398300170898 51.2445106506348 50.2493782043457 49.2544403076172 48.2597122192383 47.265209197998 46.2709426879883 45.2769241333008 44.2831802368164 43.289722442627 42.296573638916 41.3037528991699 40.3112869262695 39.319206237793 38.3275375366211 37.3363075256348 36.3455619812012 35.355339050293 34.3656806945801 33.3766403198242 32.3882713317871 31.4006366729736 30.4138126373291 29.4278774261475 28.4429244995117 27.4590606689453 26.4764041900635 25.4950981140137 24.5153007507324 23.5372047424316
46.6154479980469 47.0106353759766 47.3814315795898 47.5184173583984 47.6759910583496 47.8539428710938 48.0520553588867 48.2700729370117 48.5077323913574 48.7647399902344 49.0407981872559 49.3355865478516 49.6487655639648 49.9799957275391 50.3289184570312 50.6951675415039 51.0783729553223 51.4781494140625 51.788028717041 51.9711456298828 52.1727905273438 52.3927459716797 52.6307907104492 52.8866729736328 53.1601371765137 53.4509124755859 53.7587203979492 53.1507301330566 52.1536178588867 51.156623840332 50.1597442626953 49.1629943847656 48.1663780212402 47.1699066162109 46.173583984375 45.1774291992188 44.1814422607422 43.1856460571289 42.1900444030762 41.1946601867676 40.1995010375977 39.20458984375 38.2099456787109 37.2155876159668 36.2215423583984 35.2278289794922 34.2344856262207 33.2415390014648 32.2490310668945 31.2569999694824 30.2654914855957 29.2745628356934 28.2842712402344 27.2946872711182 26.3058929443359 25.3179779052734 24.3310508728027 23.345235824585
47.5394554138184 47.9270286560059 48.3321838378906 48.5077323913574 48.6621017456055 48.8364601135254 49.0306015014648 49.2442893981934 49.4772682189941 49.7292671203613 50 50.2891654968262 50.5964431762695 50.9215087890625 51.2640228271484 51.6236381530762 52 52.3927459716797 52.7730979919434 52.952808380127 53.1507301330566 53.3666572570801 53.6003723144531 53.8516464233398 54.1202354431152 54.4058837890625 54.0832710266113 53.0848388671875 52.0864677429199 51.0881576538086 50.0899200439453 49.0917510986328 48.0936584472656 47.095645904541 46.0977210998535 45.0998878479004 44.1021537780762 43.1045227050781 42.107006072998 41.1096076965332 40.1123428344727 39.1152153015137 38.118236541748 37.1214218139648 36.1247825622559 35.1283378601074 34.1320953369141 33.1360816955566 32.1403160095215 31.1448230743408 30.1496276855469 29.1547603607178 28.1602554321289 27.1661548614502 26.1725044250488 25.1793575286865 24.1867733001709 23.1948261260986
48.4664840698242 48.8466987609863 49.2442893981934 49.4974746704102 49.6487655639648 49.8196754455566 50.0099983215332 50.2195167541504 50.4479942321777 50.6951675415039 50.9607696533203 51.2445106506348 51.5460968017578 51.8652114868164 52.2015342712402 52.5547332763672 52.9244728088379 53.3104133605957 53.7121963500977 53.9351463317871 54.1294746398926 54.3415107727051 54.5710563659668 54.8178787231445 55.0817565917969 55.0363502502441 54.0370254516602 53.0377235412598 52.0384483337402 51.0391998291016 50.0399856567383 49.0407981872559 48.0416488647461 47.0425338745117 46.04345703125 45.0444221496582 44.0454292297363 43.0464859008789 42.0475921630859 41.0487518310547 40.0499687194824 39.0512466430664 38.0525970458984 37.0540161132812 36.0555114746094 35.0570945739746 34.0587730407715 33.0605506896973 32.0624389648438 31.0644493103027 30.066593170166 29.068883895874 28.0713367462158 27.0739727020264 26.0768089294434 25.0798721313477 24.0831890106201 23.0867919921875
49.396354675293 49.7694702148438 50.1597442626953 50.487621307373 50.6359558105469 50.8035430908203 50.9901962280273 51.1957015991211 51.4198417663574 51.6623649597168 51.9230194091797 52.2015342712402 52.4976196289062 52.8109855651855 53.1413192749023 53.4883155822754 53.8516464233398 54.2309875488281 54.6259994506836 54.9181213378906 55.1089820861816 55.317268371582 55.5427780151367 55.7853012084961 56.0089263916016 55.009090423584 54.0092582702637 53.0094337463379 52.0096130371094 51.0098037719727 50.0099983215332 49.0102043151855 48.0104141235352 47.0106353759766 46.0108680725098 45.0111083984375 44.0113639831543 43.0116271972656 42.0119018554688 41.0121917724609 40.0124969482422 39.0128173828125 38.0131568908691 37.0135116577148 36.0138854980469 35.0142822265625 34.0147018432617 33.0151481628418 32.0156211853027 31.0161247253418 30.0166625976562 29.0172367095947 28.0178508758545 27.0185127258301 26.0192241668701 25.0199928283691 24.020824432373 23.021728515625
50.3289184570312 50.6951675415039 51.0783729553223 51.4781494140625 51.6236381530762 51.788028717041 51.9711456298828 52.1727905273438 52.3927459716797 52.6307907104492 52.8866729736328 53.1601371765137 53.4509124755859 53.7587203979492 54.0832710266113 54.424259185791 54.7813835144043 55.1543273925781 55.5427780151367 55.9016990661621 56.0892143249512 56.293872833252 56.5154838562012 56.7538528442383 56 55 54 53 52 51 50 49 48 47 46 45 44 43 42 41 40 39 38 37 36 35 34 33 32 31 30 29 28 27 26 25 24 23
51.2640228271484 51.6236381530762 52 52.3927459716797 52.6117858886719 52.7730979919434 52.952808380127 53.1507301330566 53.3666572570801 53.6003723144531 53.8516464233398 54.1202354431152 54.4058837890625 54.7083168029785 55.0272674560547 55.3624420166016 55.7135543823242 56.0802993774414 56.4623756408691 56.8594741821289 57.0701332092285 57.2712860107422 57.489128112793 57.0087699890137 56.0089263916016 55.009090423584 54.0092582702637 53.0094337463379 52.0096130371094 51.0098037719727 50.0099983215332 49.0102043151855 48.0104141235352 47.0106353759766 46.0108680725098 45.0111083984375 44.0113639831543 43.0116271972656 42.0119018554688 41.0121917724609 40.0124969482422 39.0128173828125 38.0131568908691 37.0135116577148 36.0138854980469 35.0142822265625 34.0147018432617 33.0151481628418 32.0156211853027 31.0161247253418 30.0166625976562 29.0172367095947 28.0178508758545 27.0185127258301 26.0192241668701 25.0199928283691 24.020824432373 23.021728515625
52.2015342712402 52.5547332763672 52.9244728088379 53.3104133605957 53.6003723144531 53.7587203979492 53.9351463317871 54.1294746398926 54.3415107727051 54.5710563659668 54.8178787231445 55.0817565917969 55.3624420166016 55.6596794128418 55.9732093811035 56.3027534484863 56.6480369567871 57.0087699890137 57.3846664428711 57.7754287719727 58.051700592041 58.2494621276855 58.0344734191895 57.0350761413574 56.035701751709 55.0363502502441 54.0370254516602 53.0377235412598 52.0384483337402 51.0391998291016 50.0399856567383 49.0407981872559 48.0416488647461 47.0425338745117 46.04345703125 45.0444221496582 44.0454292297363 43.0464859008789 42.0475921630859 41.0487518310547 40.0499687194824 39.0512466430664 38.0525970458984 37.0540161132812 36.0555114746094 35.0570945739746 34.0587730407715 33.0605506896973 32.0624389648438 31.0644493103027 30.066593170166 29.068883895874 28.0713367462158 27.0739727020264 26.0768089294434 25.0798721313477 24.0831890106201 23.0867919921875
53.1413192749023 53.4883155822754 53.8516464233398 54.2309875488281 54.5893745422363 54.7448616027832 54.9181213378906 55.1089820861816 55.317268371582 55.5427780151367 55.7853012084961 56.0446243286133 56.3205108642578 56.612720489502 56.9209976196289 57.2450866699219 57.5847206115723 57.939624786377 58.3095207214355 58.6941223144531 59.0338897705078 59.0762214660645 58.0775337219238 57.0788917541504 56.0802993774414 55.0817565917969 54.0832710266113 53.0848388671875 52.0864677429199 51.0881576538086 50.0899200439453 49.0917510986328 48.0936584472656 47.095645904541 46.0977210998535 45.0998878479004 44.1021537780762 43.1045227050781 42.107006072998 41.1096076965332 40.1123428344727 39.1152153015137 38.118236541748 37.1214218139648 36.1247825622559 35.1283378601074 34.1320953369141 33.1360816955566 32.1403160095215 31.1448230743408 30.1496276855469 29.1547603607178 28.1602554321289 27.1661548614502 26.1725044250488 25.1793575286865 24.1867733001709 23.1948261260986
54.0832710266113 54.424259185791 54.7813835144043 55.1543273925781 55.5427780151367 55.7314987182617 55.9016990661621 56.0892143249512 56.293872833252 56.5154838562012 56.7538528442383 57.0087699890137 57.2800140380859 57.5673522949219 57.8705444335938 58.1893463134766 58.5234985351562 58.872745513916 59.2368125915527 59.6154327392578 60.0083312988281 59.1354370117188 58.137767791748 57.1401786804199 56.1426734924316 55.145263671875 54.1479454040527 53.1507301330566 52.1536178588867 51.156623840332 50.1597442626953 49.1629943847656 48.1663780212402 47.1699066162109 46.173583984375 45.1774291992188 44.1814422607422 43.1856460571289 42.1900444030762 41.1946601867676 40.1995010375977 39.20458984375 38.2099456787109 37.2155876159668 36.2215423583984 35.2278289794922 34.2344856262207 33.2415390014648 32.2490310668945 31.2569999694824 30.2654914855957 29.2745628356934 28.2842712402344 27.2946872711182 26.3058929443359 25.3179779052734 24.3310508728027 23.345235824585
55.0272674560547 55.3624420166016 55.7135543823242 56.0802993774414 56.4623756408691 56.7186050415039 56.8858489990234 57.0701332092285 57.2712860107422 57.489128112793 57.7234802246094 57.9741325378418 58.2408790588379 58.5234985351562 58.8217658996582 59.1354370117188 59.4642753601074 59.8080253601074 60.1664352416992 60.5392417907715 60.2079734802246 59.2114868164062 58.2151184082031 57.218879699707 56.222770690918 55.226806640625 54.2309875488281 53.2353248596191 52.2398300170898 51.2445106506348 50.2493782043457 49.2544403076172 48.2597122192383 47.265209197998 46.2709426879883 45.2769241333008 44.2831802368164 43.289722442627 42.296573638916 41.3037528991699 40.3112869262695 39.319206237793 38.3275375366211 37.3363075256348 36.3455619812012 35.355339050293 34.3656806945801 33.3766403198242 32.3882713317871 31.4006366729736 30.4138126373291 29.4278774261475 28.4429244995117 27.4590606689453 26.4764041900635 25.4950981140137 24.5153007507324 23.5372047424316
55.9732093811035 56.3027534484863 56.6480369567871 57.0087699890137 57.3846664428711 57.7061538696289 57.8705444335938 58.051700592041 58.2494621276855 58.4636650085449 58.6941223144531 58.9406471252441 59.2030410766602 59.4810905456543 59.7745780944824 60.0832748413086 60.4069519042969 60.7453689575195 61.0982818603516 61.2943725585938 60.2992553710938 59.3042984008789 58.3095207214355 57.3149185180664 56.3205108642578 55.3263053894043 54.3323097229004 53.3385429382324 52.3450088500977 51.3517265319824 50.358715057373 49.3659820556641 48.3735466003418 47.3814315795898 46.3896522521973 45.3982391357422 44.4072074890137 43.4165878295898 42.4264068603516 41.4366989135742 40.4474983215332 39.4588394165039 38.4707679748535 37.4833297729492 36.4965744018555 35.5105628967285 34.5253524780273 33.5410194396973 32.5576400756836 31.5753059387207 30.5941162109375 29.614185333252 28.6356430053711 27.658634185791 26.68332862854 25.7099208831787 24.7386341094971 23.7697277069092
56.9209976196289 57.2450866699219 57.5847206115723 57.939624786377 58.3095207214355 58.6941223144531 58.8557548522949 59.0338897705078 59.2283706665039 59.4390449523926 59.6657371520996 59.9082641601562 60.1664352416992 60.4400520324707 60.7289047241211 61.0327796936035 61.351448059082 61.6846809387207 62.0322494506836 61.4003257751465 60.4069519042969 59.4138031005859 58.4208869934082 57.4282150268555 56.4358024597168 55.4436645507812 54.4518127441406 53.4602661132812 52.4690399169922 51.4781494140625 50.487621307373 49.4974746704102 48.5077323913574 47.5184173583984 46.5295600891113 45.5411911010742 44.553337097168 43.5660400390625 42.5793380737305 41.5932693481445 40.6078796386719 39.6232261657715 38.6393585205078 37.6563415527344 36.6742401123047 35.6931381225586 34.7131080627441 33.7342567443848 32.7566795349121 31.78049659729 30.8058433532715 29.8328685760498 28.8617401123047 27.892650604248 26.9258232116699 25.9615097045898 25 24.0416297912598
57.8705444335938 58.1893463134766 58.5234985351562 58.872745513916 59.2368125915527 59.6154327392578 59.8414573669434 60.0166625976562 60.2079734802246 60.4152297973633 60.6382713317871 60.8769264221191 61.1310081481934 61.4003257751465 61.6846809387207 61.9838676452637 62.2976722717285 62.6258735656738 62.5139999389648 61.5223541259766 60.5309829711914 59.5399017333984 58.5491256713867 57.558666229248 56.5685424804688 55.5787734985352 54.5893745422363 53.6003723144531 52.6117858886719 51.6236381530762 50.6359558105469 49.6487655639648 48.6621017456055 47.6759910583496 46.6904716491699 45.7055778503418 44.7213592529297 43.7378540039062 42.7551155090332 41.7731971740723 40.7921562194824 39.8120574951172 38.8329772949219 37.8549880981445 36.8781776428223 35.902645111084 34.9284973144531 33.9558525085449 32.9848442077637 32.0156211853027 31.0483493804932 30.0832176208496 29.1204395294189 28.1602554321289 27.2029418945312 26.2488098144531 25.2982215881348 24.3515911102295
58.8217658996582 59.1354370117188 59.4642753601074 59.8080253601074 60.1664352416992 60.5392417907715 60.8276252746582 61 61.188232421875 61.3921813964844 61.611686706543 61.8465843200684 62.0966987609863 62.2896461486816 62.201286315918 62.1288986206055 62.0725364685059 62.0322494506836 62.0080642700195 61.6603584289551 60.6712455749512 59.6824951171875 58.6941223144531 57.7061538696289 56.7186050415039 55.7314987182617 54.7448616027832 53.7587203979492 52.7730979919434 51.788028717041 50.8035430908203 49.8196754455566 48.8364601135254 47.8539428710938 46.8721656799316 45.8911743164062 44.9110221862793 43.9317665100098 42.9534645080566 41.9761848449707 41 40.0249938964844 39.0512466430664 38.0788650512695 37.1079521179199 36.1386222839355 35.1710090637207 34.2052612304688 33.2415390014648 32.2800254821777 31.3209190368652 30.3644523620605 29.4108829498291 28.4604988098145 27.5136337280273 26.5706596374512 25.6320114135742 24.6981773376465
59.7745780944824 60.0832748413086 60.4069519042969 60.7453689575195 61.0982818603516 61.4654388427734 61.8142395019531 61.9838676452637 61.9838676452637 61.8142395019531 61.6603584289551 61.5223541259766 61.4003257751465 61.2943725585938 61.2045745849609 61.1310081481934 61.0737266540527 61.0327796936035 61.0081977844238 61 60.8276252746582 59.8414573669434 58.8557548522949 57.8705444335938 56.8858489990234 55.9016990661621 54.9181213378906 53.9351463317871 52.952808380127 51.9711456298828 50.9901962280273 50.0099983215332 49.0306015014648 48.0520553588867 47.0744094848633 46.0977210998535 45.1220550537109 44.1474800109863 43.1740646362305 42.2018966674805 41.2310562133789 40.2616424560547 39.2937660217285 38.3275375366211 37.3630828857422 36.4005508422852 35.4400901794434 34.4818801879883 33.5261077880859 32.5729942321777 31.6227760314941 30.675724029541 29.7321376800537 28.7923603057861 27.8567771911621 26.9258232116699 26 25.0798721313477
60.7289047241211 61.0327796936035 61.351448059082 61.6846809387207 61.8465843200684 61.611686706543 61.3921813964844 61.188232421875 61 60.8276252746582 60.6712455749512 60.5309829711914 60.4069519042969 60.2992553710938 60.2079734802246 60.133186340332 60.0749549865723 60.0333251953125 60.0083312988281 60 60 60 59.0338897705078 58.051700592041 57.0701332092285 56.0892143249512 55.1089820861816 54.1294746398926 53.1507301330566 52.1727905273438 51.1957015991211 50.2195167541504 49.2442893981934 48.2700729370117 47.2969360351562 46.3249397277832 45.3541603088379 44.3846817016602 43.4165878295898 42.4499702453613 41.484935760498 40.521598815918 39.5600814819336 38.6005172729492 37.6430587768555 36.687873840332 35.7351379394531 34.7850532531738 33.8378486633301 32.8937683105469 31.9530906677246 31.0161247253418 30.0832176208496 29.1547603607178 28.2311878204346 27.3129997253418 26.4007568359375 25.4950981140137
61.6846809387207 61.6846809387207 61.4003257751465 61.1310081481934 60.8769264221191 60.6382713317871 60.4152297973633 60.2079734802246 60.0166625976562 59.8414573669434 59.6824951171875 59.5399017333984 59.4138031005859 59.3042984008789 59.2114868164062 59.1354370117188 59.0762214660645 59.0338897705078 59.008472442627 59 59 59 59 58.2494621276855 57.2712860107422 56.293872833252 55.317268371582 54.3415107727051 53.3666572570801 52.3927459716797 51.4198417663574 50.4479942321777 49.4772682189941 48.5077323913574 47.5394554138184 46.5725250244141 45.6070175170898 44.6430282592773 43.6806602478027 42.7200202941895 41.7612266540527 40.8044128417969 39.8497161865234 38.8973007202148 37.9473304748535 37 36.0555114746094 35.1141014099121 34.1760139465332 33.2415390014648 32.3109893798828 31.3847103118896 30.4630928039551 29.546573638916 28.6356430053711 27.7308483123779 26.8328151702881 25.9422435760498
61.0327796936035 60.7289047241211 60.4400520324707 60.1664352416992 59.9082641601562 59.6657371520996 59.4390449523926 59.2283706665039 59.0338897705078 58.8557548522949 58.6941223144531 58.5491256713867 58.4208869934082 58.3095207214355 58.2151184082031 58.137767791748 58.0775337219238 58.0344734191895 58.0086212158203 58 58 58 58 58 57.489128112793 56.5154838562012 55.5427780151367 54.5710563659668 53.6003723144531 52.6307907104492 51.6623649597168 50.6951675415039 49.7292671203613 48.7647399902344 47.8016738891602 46.8401527404785 45.8802795410156 44.9221534729004 43.9658966064453 43.0116271972656 42.0594825744629 41.1096076965332 40.1621704101562 39.217342376709 38.275318145752 37.3363075256348 36.4005508422852 35.4682960510254 34.5398330688477 33.6154708862305 32.6955642700195 31.78049659729 30.870698928833 29.9666481018066 29.068883895874 28.1780052185059 27.2946872711182 26.4007568359375
60.0832748413086 59.7745780944824 59.4810905456543 59.2030410766602 58.9406471252441 58.6941223144531 58.4636650085449 58.2494621276855 58.051700592041 57.8705444335938 57.7061538696289 57.558666229248 57.4282150268555 57.3149185180664 57.218879699707 57.1401786804199 57.0788917541504 57.0350761413574 57.0087699890137 57 57 57 57 57 57 56.7538528442383 55.7853012084961 54.8178787231445 53.8516464233398 52.8866729736328 51.9230194091797 50.9607696533203 50 49.0407981872559 48.0832595825195 47.1274871826172 46.173583984375 45.2216758728027 44.2718887329102 43.3243598937988 42.3792419433594 41.4366989135742 40.4969139099121 39.5600814819336 38.6264152526855 37.6961555480957 36.7695541381836 35.8468971252441 34.9284973144531 34.0147018432617 33.1058921813965 32.2024841308594 31.30495262146 30.4138126373291 29.5296459197998 28.6356430053711 27.7308483123779 26.8328151702881
59.1354370117188 58.8217658996582 58.5234985351562 58.2408790588379 57.9741325378418 57.7234802246094 57.489128112793 57.2712860107422 57.0701332092285 56.8858489990234 56.7186050415039 56.5685424804688 56.4358024597168 56.3205108642578 56.222770690918 56.1426734924316 56.0802993774414 56.035701751709 56.0089263916016 56 56 56 56 56 56 56 56 55.0817565917969 54.1202354431152 53.1601371765137 52.2015342712402 51.2445106506348 50.2891654968262 49.3355865478516 48.3838806152344 47.4341659545898 46.4865570068359 45.5411911010742 44.5982055664062 43.6577606201172 42.7200202941895 41.7851638793945 40.8533973693848 39.9249305725098 39 38.0788650512695 37.161808013916 36.249137878418 35.341194152832 34.4383506774902 33.5410194396973 32.6496543884277 31.7647609710693 30.870698928833 29.9666481018066 29.068883895874 28.1780052185059 27.2946872711182
58.1893463134766 57.8705444335938 57.5673522949219 57.2800140380859 57.0087699890137 56.7538528442383 56.5154838562012 56.293872833252 56.0892143249512 55.9016990661621 55.7314987182617 55.5787734985352 55.4436645507812 55.3263053894043 55.226806640625 55.145263671875 55.0817565917969 55.0363502502441 55.009090423584 55 55 55 55 55 55 55 55 55 54.4058837890625 53.4509124755859 52.4976196289062 51.5460968017578 50.5964431762695 49.6487655639648 48.703182220459 47.7598152160645 46.8187980651855 45.8802795410156 44.944408416748 44.0113639831543 43.0813179016113 42.1544761657715 41.2310562133789 40.3112869262695 39.3954315185547 38.4837646484375 37.576587677002 36.6742401123047 35.7770881652832 34.8855285644531 34 33.1058921813965 32.2024841308594 31.30495262146 30.4138126373291 29.5296459197998 28.6356430053711 27.7308483123779
57.2450866699219 56.9209976196289 56.612720489502 56.3205108642578 56.0446243286133 55.7853012084961 55.5427780151367 55.317268371582 55.1089820861816 54.9181213378906 54.7448616027832 54.5893745422363 54.4518127441406 54.3323097229004 54.2309875488281 54.1479454040527 54.0832710266113 54.0370254516602 54.0092582702637 54 54 54 54 54 54 54 54 54 54.0092582702637 53.7587203979492 52.8109855651855 51.8652114868164 50.9215087890625 49.9799957275391 49.0407981872559 48.1040534973145 47.1699066162109 46.2385139465332 45.3100433349609 44.3846817016602 43.4626274108887 42.5440940856934 41.6293182373047 40.7185478210449 39.8120574951172 38.9101524353027 38.0131568908691 37.1214218139648 36.2353401184082 35.341194152832 34.4383506774902 33.5410194396973 32.6496543884277 31.7647609710693 30.870698928833 29.9666481018066 29.068883895874 28.1780052185059
56.3027534484863 55.9732093811035 55.6596794128418 55.3624420166016 55.0817565917969 54.8178787231445 54.5710563659668 54.3415107727051 54.1294746398926 53.9351463317871 53.7587203979492 53.6003723144531 53.4602661132812 53.3385429382324 53.2353248596191 53.1507301330566 53.0848388671875 53.0377235412598 53.0094337463379 53 53 53 53 53 53 53 53 53 53.0094337463379 53.0377235412598 53.0848388671875 52.2015342712402 51.2640228271484 50.3289184570312 49.396354675293 48.4664840698242 47.5394554138184 46.6154479980469 45.694637298584 44.7772254943848 43.8634262084961 42.9534645080566 42.0475921630859 41.1460800170898 40.2492218017578 39.3573379516602 38.4707679748535 37.576587677002 36.6742401123047 35.7770881652832 34.8855285644531 34 33.1058921813965 32.2024841308594 31.30495262146 30.4138126373291 29.5296459197998 28.65309715271
55.3624420166016 55.0272674560547 54.7083168029785 54.4058837890625 54.1202354431152 53.8516464233398 53.6003723144531 53.3666572570801 53.1507301330566 52.952808380127 52.7730979919434 52.6117858886719 52.4690399169922 52.3450088500977 52.2398300170898 52.1536178588867 52.0864677429199 52.0384483337402 52.0096130371094 52 52 52 52 52 52 52 52 52 52.0096130371094 52.0384483337402 52.0864677429199 52.1536178588867 51.6236381530762 50.6951675415039 49.7694702148438 48.8466987609863 47.9270286560059 47.0106353759766 46.0977210998535 45.1884956359863 44.2831802368164 43.382022857666 42.4852905273438 41.5932693481445 40.7062644958496 39.8120574951172 38.9101524353027 38.0131568908691 37.1214218139648 36.2353401184082 35.341194152832 34.4383506774902 33.5410194396973 32.6496543884277 31.7647609710693 30.886890411377 30 29
54.424259185791 54.0832710266113 53.7587203979492 53.4509124755859 53.1601371765137 52.8866729736328 52.6307907104492 52.3927459716797 52.1727905273438 51.9711456298828 51.788028717041 51.6236381530762 51.4781494140625 51.3517265319824 51.2445106506348 51.156623840332 51.0881576538086 51.0391998291016 51.0098037719727 51 51 51 51 51 51 51 51 51 51.0098037719727 51.0391998291016 51.0881576538086 51.156623840332 51.2445106506348 51.0783729553223 50.1597442626953 49.2442893981934 48.3321838378906 47.4236221313477 46.5188140869141 45.617977142334 44.7213592529297 43.8292121887207 42.941822052002 42.0475921630859 41.1460800170898 40.2492218017578 39.3573379516602 38.4707679748535 37.576587677002 36.6742401123047 35.7770881652832 34.8855285644531 34 33 32 31 30 29
