data/grids/anth/POPDENS.asc
NCOLS 822 
NROWS 563 
XLLCORNER -58000 
YLLCORNER 5661000 
CELLSIZE 1000 
NODATA_value -9999 
[rows 392 to 447 of 563, columns 288 to 383 of 822]
121 90 74 57 31 19 14 12 11 11 10 10 9 9 10 14 14 13 13 13 13 13 13 13 11 11 11 11 11 11 11 13 28 43 55 56 52 52 52 52 53 54 54 69 85 112 120 160 177 185 187 187 187 168 149 142 142 143 156 169 185 205 243 248 241 251 280 309 306 322 348 361 381 430 460 490 561 627 672 658 664 653 685 687 736 758 805 876 950 1048 1122 1179 1201 1199 1208 1129
107 84 58 42 25 23 13 12 11 11 10 10 9 9 9 12 13 13 13 13 13 13 13 12 11 10 11 11 11 11 11 12 32 48 56 54 52 52 52 52 53 53 54 77 93 115 129 175 185 187 187 187 188 172 155 142 142 144 151 161 181 217 247 294 286 294 329 344 343 378 408 425 438 492 521 561 645 712 755 760 771 788 806 814 846 885 978 1038 1106 1205 1268 1318 1362 1348 1331 1300
90 61 45 25 24 17 12 11 11 10 10 9 9 9 8 9 13 13 13 13 12 12 12 11 10 10 10 10 10 10 11 12 33 50 55 51 51 52 52 52 53 53 54 78 98 120 155 184 187 187 187 188 188 173 157 145 144 144 150 154 171 222 254 291 318 345 335 394 404 439 450 461 499 530 591 636 710 793 829 866 894 906 937 950 1010 1045 1102 1190 1290 1334 1410 1429 1424 1461 1439 1397
59 43 30 23 23 18 12 11 10 10 9 9 8 8 7 8 11 13 12 12 12 12 11 10 10 9 9 9 9 10 10 16 27 50 53 50 51 51 52 52 53 53 60 79 107 129 156 186 187 188 188 189 189 178 153 149 144 144 144 153 177 218 258 316 363 370 384 413 438 459 483 489 541 602 676 737 789 891 929 981 1004 1031 1047 1101 1119 1153 1253 1350 1373 1471 1537 1574 1573 1582 1548 1505
43 30 23 23 22 16 12 9 9 9 8 8 8 8 7 7 7 10 12 12 12 10 10 10 10 9 9 9 9 9 9 17 30 43 49 50 50 51 51 52 53 53 62 87 109 137 162 186 188 188 188 189 189 180 159 145 145 145 144 153 188 236 269 329 364 393 417 444 466 486 494 525 572 628 708 766 854 944 1016 1078 1124 1169 1180 1242 1262 1341 1385 1460 1505 1586 1671 1748 1773 1737 1668 1607
30 23 23 22 21 14 9 8 8 7 8 8 7 7 7 6 6 6 10 10 10 10 10 10 9 9 9 9 9 9 9 8 25 42 49 50 50 51 51 52 53 53 62 87 100 137 159 185 188 188 189 189 188 173 159 147 145 145 147 156 197 256 293 356 376 425 450 473 486 515 535 546 608 690 763 851 938 1042 1130 1190 1245 1295 1310 1394 1467 1459 1498 1580 1632 1741 1826 1888 1893 1844 1782 1750
24 23 22 21 17 14 8 8 7 7 6 6 6 6 6 5 5 4 5 7 8 10 10 9 9 9 9 9 9 8 6 5 16 36 49 50 50 50 51 52 53 53 54 84 104 141 159 185 188 189 189 189 187 170 154 145 145 145 145 147 210 263 306 356 403 459 489 514 521 541 549 588 668 757 822 912 1035 1159 1252 1301 1441 1458 1542 1589 1563 1655 1655 1714 1809 1874 1938 1965 1960 1921 1867 1829
24 22 22 21 15 12 8 7 7 6 6 6 5 5 5 5 4 4 4 4 4 6 6 6 7 7 5 5 5 5 2 3 15 28 46 49 50 50 51 52 52 53 54 82 108 143 159 173 187 189 189 188 186 165 152 145 146 145 145 160 220 269 319 381 429 504 532 527 544 579 597 644 744 849 911 1019 1123 1212 1390 1467 1553 1600 1641 1706 1778 1816 1845 1875 1926 2019 2082 2034 2032 2054 1959 1966
23 22 21 15 12 10 7 7 6 6 6 5 5 5 5 4 4 4 4 3 3 3 2 2 3 5 2 2 2 2 2 2 10 26 35 49 49 50 50 52 52 53 54 73 109 139 158 165 187 189 187 186 176 164 147 145 145 145 145 164 227 269 311 389 456 508 548 551 580 605 635 692 782 848 929 1036 1158 1313 1435 1551 1648 1722 1735 1785 1881 1928 1947 1938 1992 2038 2125 2178 2131 2127 2091 2042
22 21 15 14 12 7 6 6 6 5 5 5 5 5 4 4 4 4 3 3 3 2 2 2 2 2 2 2 2 2 2 2 3 20 28 40 49 49 50 51 52 52 53 65 93 124 158 159 173 186 186 181 163 156 147 145 145 145 145 156 221 277 319 391 469 520 547 550 605 620 661 716 776 861 958 1056 1232 1347 1485 1601 1718 1749 1795 1889 1975 2001 2018 2022 2054 2105 2196 2224 2250 2180 2191 2119
21 15 15 12 9 6 6 5 5 5 5 4 4 4 4 4 4 3 3 3 2 2 2 2 2 2 2 2 2 2 2 2 2 10 25 28 40 47 50 51 51 52 52 56 79 122 151 156 163 171 179 169 161 146 145 145 144 145 145 162 208 272 313 393 464 516 538 570 617 647 676 729 788 879 976 1119 1234 1379 1532 1608 1748 1790 1842 1934 2005 2025 2035 2019 2094 2186 2248 2284 2313 2263 2179 2192
15 14 12 9 6 6 5 5 4 4 4 4 4 4 4 3 3 3 3 2 2 2 2 2 2 2 2 2 2 2 2 2 2 3 15 27 28 39 43 48 49 49 52 53 65 102 136 148 150 156 154 158 149 146 144 144 144 145 145 162 207 245 332 412 446 496 561 595 631 657 681 735 787 899 1013 1153 1297 1413 1552 1631 1733 1809 1882 1999 2058 2071 2072 2093 2167 2233 2318 2375 2355 2333 2248 2278
14 11 9 6 5 5 5 4 4 4 4 4 4 3 3 3 3 3 3 2 2 2 2 2 2 2 2 2 2 2 2 2 2 2 2 15 27 28 33 39 43 43 45 50 48 72 110 134 137 136 135 134 130 142 143 144 144 144 151 170 209 231 304 394 448 513 582 638 674 691 713 754 799 908 1063 1187 1328 1412 1539 1598 1728 1809 1922 1966 2096 2093 2170 2187 2178 2294 2350 2433 2449 2402 2403 2321
9 8 6 5 5 4 4 4 4 4 4 4 5 3 3 3 3 3 2 2 2 2 2 2 2 2 2 2 2 2 2 2 2 2 2 2 15 22 27 28 33 34 35 41 40 41 73 101 112 116 111 119 119 129 129 130 130 156 136 142 177 227 299 391 456 516 602 667 710 738 744 783 848 948 1073 1210 1313 1451 1508 1613 1689 1830 1967 2012 2080 2168 2220 2249 2296 2301 2359 2435 2481 2461 2404 2407
5 5 5 5 4 4 4 4 5 5 5 5 4 5 4 4 4 2 2 2 2 2 2 2 2 2 2 2 2 2 2 2 2 2 2 2 2 7 17 22 22 23 29 25 30 27 40 64 76 89 91 97 97 112 106 113 120 127 119 134 164 196 275 343 442 518 599 683 756 780 797 831 919 1026 1145 1220 1312 1429 1534 1634 1724 1859 1956 2007 2112 2168 2189 2217 2310 2353 2426 2465 2507 2475 2474 2427
5 5 4 4 4 4 5 5 5 5 5 5 4 4 4 4 4 4 3 2 2 2 2 2 2 2 2 2 2 2 2 2 2 2 2 2 2 2 2 7 9 10 18 17 12 13 15 29 45 62 73 73 74 82 83 97 88 102 104 128 157 215 288 386 441 529 635 719 765 806 832 920 994 1085 1240 1298 1338 1461 1500 1629 1741 1881 1968 2044 2098 2166 2238 2311 2393 2435 2473 2534 2516 2520 2512 2486
4 4 4 4 4 5 5 5 5 5 5 4 4 4 4 4 4 4 4 4 2 2 2 2 2 2 2 2 2 2 2 2 2 2 2 2 2 2 2 2 2 2 3 9 7 5 6 8 21 39 49 53 58 67 80 74 81 103 132 159 190 255 313 389 464 514 620 736 799 858 902 952 1042 1185 1259 1318 1394 1436 1476 1595 1743 1872 1930 2013 2075 2191 2272 2368 2440 2545 2580 2600 2600 2582 2567 2563
3 3 3 3 4 4 5 4 4 4 4 4 4 4 4 4 4 4 4 4 3 2 2 2 2 2 2 2 2 2 2 2 2 2 2 2 2 2 2 2 2 2 2 3 3 4 5 6 7 19 30 38 44 47 62 80 99 139 170 205 248 302 398 410 471 543 631 715 790 876 960 1003 1096 1166 1304 1370 1414 1476 1510 1556 1714 1806 1937 2003 2076 2233 2326 2447 2491 2546 2586 2610 2633 2641 2616 2541
2 2 2 4 4 4 4 4 4 4 4 4 4 4 4 4 4 4 4 4 4 4 2 2 2 2 2 2 2 2 2 2 2 2 2 2 2 2 2 2 2 2 2 2 3 3 3 4 4 6 8 17 27 50 59 91 131 177 216 252 296 326 400 438 475 563 631 728 777 862 931 1002 1103 1195 1276 1329 1381 1483 1523 1576 1647 1781 1899 1971 2084 2210 2346 2418 2484 2585 2628 2662 2698 2681 2624 2620
2 2 2 3 4 4 4 4 4 4 4 4 4 4 4 4 4 4 4 4 4 4 3 2 2 2 2 2 2 2 2 2 2 2 2 2 2 2 2 2 2 2 2 2 2 3 3 3 4 4 4 6 17 40 73 111 164 204 246 283 311 331 388 472 527 590 673 714 778 828 906 951 1054 1162 1272 1330 1383 1426 1488 1616 1657 1741 1841 1959 2117 2251 2355 2468 2564 2593 2661 2713 2762 2708 2715 2652
1 1 3 3 3 3 3 4 4 4 4 4 4 4 4 4 4 4 4 4 4 4 4 2 2 2 2 2 2 2 2 2 2 2 2 2 2 2 2 2 2 2 2 2 2 2 3 3 3 3 5 14 24 57 82 134 188 226 276 318 327 347 403 467 534 596 664 744 780 812 864 937 1023 1125 1245 1274 1332 1386 1446 1567 1688 1708 1855 1928 2054 2240 2339 2447 2617 2628 2739 2773 2803 2720 2716 2644
1 1 2 3 3 3 3 3 3 4 4 4 4 4 4 4 4 4 4 4 4 4 4 3 2 2 2 2 2 2 2 2 2 2 2 2 2 2 2 2 2 2 2 2 2 2 3 3 3 3 13 23 44 70 120 160 207 249 295 327 338 362 400 465 525 595 649 707 762 788 853 881 988 1075 1161 1255 1274 1351 1422 1498 1596 1689 1777 1984 2087 2236 2372 2519 2590 2644 2753 2764 2757 2689 2586 2597
1 1 2 3 3 3 3 3 3 3 3 3 4 4 4 4 4 4 4 4 4 4 4 3 3 2 2 2 2 2 2 2 2 2 2 2 2 2 2 2 2 1 1 2 2 2 2 3 3 4 14 32 63 91 137 191 226 263 311 326 343 381 398 440 509 569 607 662 721 766 813 839 934 1034 1119 1196 1219 1254 1388 1423 1512 1559 1742 1926 2097 2243 -9999 -9999 -9999 2660 2703 2702 2716 2654 2611 2521
1 1 2 3 3 3 3 3 3 3 3 3 4 4 4 4 4 4 4 4 4 4 5 3 3 3 3 2 2 2 2 2 2 2 2 2 2 2 2 2 2 1 1 1 2 2 2 2 3 13 22 43 59 114 153 187 230 283 309 330 351 381 410 457 513 545 574 616 672 721 775 802 850 999 1054 1093 1217 1218 1290 1356 1449 1494 1636 1863 2096 -9999 -9999 -9999 -9999 -9999 2697 2736 2738 2621 2564 2541
1 2 2 3 3 3 3 3 3 3 3 3 4 4 4 4 4 4 4 4 5 5 5 5 3 3 3 3 3 2 2 2 2 2 2 2 2 2 2 2 2 1 1 1 1 2 2 2 2 13 32 50 70 111 156 180 238 283 322 342 369 383 417 439 504 533 557 601 655 710 751 778 846 910 988 1044 1085 1172 1203 1302 1407 1536 -9999 1795 1977 2138 -9999 -9999 -9999 -9999 -9999 -9999 2651 2648 2533 2495
1 1 2 3 3 3 3 3 3 3 3 3 4 4 4 4 4 4 4 5 5 5 5 4 4 3 3 3 3 3 2 2 2 2 2 2 2 2 2 2 2 1 1 1 1 2 2 2 2 13 31 59 82 123 165 193 244 282 311 336 364 389 424 455 500 518 551 580 639 693 744 771 819 899 969 1021 1092 1070 1206 1280 -9999 -9999 -9999 -9999 -9999 2056 -9999 -9999 -9999 -9999 -9999 -9999 2624 2551 2524 2531
1 1 2 3 3 3 3 3 3 3 3 4 4 4 4 4 4 4 5 5 5 5 5 4 3 3 3 3 3 3 2 2 2 2 2 2 2 2 2 1 1 1 1 2 2 2 2 2 3 13 31 60 85 120 164 200 244 281 308 336 376 403 415 455 496 513 536 581 628 668 706 750 794 864 905 944 1020 1065 -9999 -9999 -9999 -9999 -9999 -9999 -9999 -9999 -9999 -9999 -9999 -9999 -9999 -9999 2569 2583 2585 2608
1 1 2 3 3 3 3 3 3 3 3 4 4 4 5 5 5 6 6 6 6 6 6 4 3 3 3 3 3 3 3 2 2 2 2 2 2 2 2 2 2 1 2 2 2 2 2 2 11 21 42 60 89 108 155 200 227 261 313 344 365 402 427 462 505 523 538 573 629 674 710 745 787 817 881 914 897 -9999 -9999 -9999 -9999 -9999 -9999 -9999 -9999 -9999 -9999 -9999 -9999 -9999 -9999 -9999 -9999 2614 2624 2619
1 1 2 3 3 3 3 3 3 3 4 4 5 5 5 5 5 6 6 6 6 6 6 5 4 3 3 3 3 3 3 2 2 2 2 2 2 2 2 2 2 2 2 2 2 2 3 3 4 24 39 70 82 106 147 187 217 260 306 348 366 397 424 466 511 539 555 593 638 675 704 726 753 801 799 862 838 -9999 -9999 -9999 -9999 -9999 -9999 -9999 -9999 -9999 -9999 -9999 -9999 -9999 -9999 -9999 -9999 2687 2635 2587
1 1 1 3 3 3 3 3 3 3 4 5 5 5 5 5 6 6 6 6 6 6 5 5 4 4 3 3 3 3 3 3 3 3 3 3 3 3 3 3 3 3 3 3 3 3 3 3 3 14 41 67 82 100 141 187 217 246 279 322 364 397 437 469 523 558 575 607 656 709 730 755 749 773 829 854 -9999 -9999 -9999 -9999 -9999 -9999 -9999 -9999 -9999 -9999 -9999 -9999 -9999 -9999 -9999 -9999 -9999 2717 2664 2645
1 1 1 2 3 3 3 3 3 4 5 5 5 5 5 6 6 6 6 6 6 6 5 4 4 4 4 3 3 3 3 3 3 3 3 4 4 4 3 3 4 4 4 5 5 4 4 4 4 14 33 65 83 94 131 158 204 231 259 304 372 405 443 478 531 558 598 626 679 738 772 785 789 788 810 796 -9999 -9999 -9999 -9999 -9999 -9999 -9999 -9999 -9999 -9999 -9999 -9999 -9999 -9999 -9999 -9999 -9999 2705 2702 2581
1 1 1 1 3 3 3 3 3 4 5 5 5 5 5 6 6 6 6 6 6 5 5 5 4 4 4 4 3 3 3 3 4 4 4 4 4 4 4 4 5 6 6 7 6 6 5 5 4 13 32 60 82 91 115 150 179 220 247 289 345 402 446 498 544 583 617 656 701 765 804 827 835 805 774 794 825 -9999 -9999 -9999 -9999 -9999 -9999 -9999 -9999 -9999 -9999 -9999 -9999 -9999 -9999 -9999 -9999 2813 2664 2521
1 1 1 1 1 3 3 3 3 5 5 5 5 5 5 6 6 6 6 6 5 5 5 5 5 4 4 4 3 3 4 4 4 4 5 5 5 5 6 7 7 12 8 16 9 8 7 6 5 5 25 50 82 84 103 140 163 194 228 275 321 370 436 503 555 606 642 685 715 751 813 830 825 796 -9999 -9999 -9999 -9999 -9999 -9999 -9999 -9999 -9999 -9999 -9999 -9999 -9999 -9999 -9999 -9999 -9999 -9999 -9999 -9999 2673 2489
1 1 1 1 1 2 4 4 6 6 5 6 6 6 6 6 6 6 6 5 5 5 5 5 5 5 4 4 4 4 4 4 5 5 5 6 7 12 12 20 22 24 22 22 21 21 16 15 7 5 14 43 73 85 94 129 146 181 209 234 281 346 384 468 522 575 636 681 715 731 763 796 -9999 -9999 -9999 -9999 -9999 -9999 -9999 -9999 -9999 -9999 -9999 -9999 -9999 -9999 -9999 -9999 -9999 -9999 -9999 -9999 -9999 -9999 2596 2505
1 1 1 2 2 3 3 4 7 7 7 7 7 7 7 7 7 6 6 6 5 6 6 5 5 5 5 4 5 4 5 5 5 6 7 12 13 24 24 25 26 26 26 26 26 25 21 20 15 14 7 26 57 87 88 113 136 155 192 224 260 318 362 386 468 547 599 653 704 735 738 -9999 -9999 -9999 -9999 -9999 -9999 -9999 -9999 -9999 -9999 -9999 -9999 -9999 -9999 -9999 -9999 -9999 -9999 -9999 -9999 -9999 -9999 -9999 -9999 2472
1 1 2 3 3 4 4 5 6 7 8 8 9 8 7 7 7 7 6 6 6 9 7 7 6 6 6 5 5 5 5 6 6 8 13 17 24 25 25 26 27 27 27 27 26 26 26 24 20 15 14 7 36 67 91 93 127 146 160 194 230 272 344 389 434 495 564 605 644 643 -9999 -9999 -9999 -9999 -9999 -9999 -9999 -9999 -9999 -9999 -9999 -9999 -9999 -9999 -9999 -9999 -9999 -9999 -9999 -9999 -9999 -9999 -9999 -9999 -9999 2401
1 2 3 3 4 5 5 6 7 7 7 7 8 8 8 8 9 11 11 11 11 14 11 11 10 10 8 7 6 5 6 7 8 14 17 25 26 26 26 27 27 28 27 27 27 26 26 25 24 20 15 14 8 42 70 96 109 138 154 164 193 219 257 327 384 419 443 513 535 -9999 -9999 -9999 -9999 -9999 -9999 -9999 -9999 -9999 -9999 -9999 -9999 -9999 -9999 -9999 -9999 -9999 -9999 -9999 -9999 -9999 -9999 -9999 -9999 -9999 -9999 2333
2 3 3 4 4 5 5 6 7 7 7 7 8 8 8 12 13 17 17 17 16 15 15 16 15 15 11 11 8 8 7 9 14 18 26 27 29 37 27 35 28 28 28 28 27 27 27 27 26 24 20 15 15 8 34 64 90 118 139 157 174 181 204 247 285 302 334 -9999 -9999 -9999 -9999 -9999 -9999 -9999 -9999 -9999 -9999 -9999 -9999 -9999 -9999 -9999 -9999 -9999 -9999 -9999 -9999 -9999 -9999 -9999 -9999 -9999 -9999 -9999 -9999 -9999
3 3 4 4 5 5 5 6 7 7 7 7 8 9 12 17 18 18 18 17 17 16 16 16 16 16 16 16 13 10 10 11 20 31 40 48 48 55 55 49 49 47 36 36 28 28 27 27 27 26 24 16 16 6 6 24 48 61 90 116 131 141 129 151 171 168 -9999 -9999 -9999 -9999 -9999 -9999 -9999 -9999 -9999 -9999 -9999 -9999 -9999 -9999 -9999 -9999 -9999 -9999 -9999 -9999 -9999 -9999 -9999 -9999 -9999 -9999 -9999 -9999 -9999 -9999
3 4 4 5 5 5 5 6 7 7 7 7 8 12 17 18 18 19 18 18 17 16 16 16 16 16 16 17 18 15 15 29 32 54 64 64 66 70 70 64 65 65 57 47 37 36 28 28 28 27 26 21 16 16 6 6 13 28 40 57 75 84 93 78 99 -9999 -9999 -9999 -9999 -9999 -9999 -9999 -9999 -9999 -9999 -9999 -9999 -9999 -9999 -9999 -9999 -9999 -9999 -9999 -9999 -9999 -9999 -9999 -9999 -9999 -9999 -9999 -9999 -9999 -9999 -9999
3 4 4 5 5 5 5 6 7 7 7 8 12 17 18 18 19 19 19 18 17 17 16 16 16 16 16 17 20 23 31 43 57 71 78 84 78 84 85 79 80 79 72 66 57 38 38 30 29 29 28 26 17 17 6 5 5 7 15 18 -9999 -9999 51 -9999 -9999 -9999 -9999 -9999 -9999 -9999 -9999 -9999 -9999 -9999 -9999 -9999 -9999 -9999 -9999 -9999 -9999 -9999 -9999 -9999 -9999 -9999 -9999 -9999 -9999 -9999 -9999 -9999 -9999 -9999 -9999 -9999
4 4 5 5 5 5 5 6 7 7 8 10 16 18 19 19 19 19 19 18 17 17 16 16 16 17 17 20 24 35 47 74 78 91 97 106 104 97 97 99 94 95 89 82 75 60 41 40 31 31 30 28 18 18 7 5 5 5 -9999 -9999 -9999 -9999 -9999 -9999 -9999 -9999 -9999 -9999 -9999 -9999 -9999 -9999 -9999 -9999 -9999 -9999 -9999 -9999 -9999 -9999 -9999 -9999 -9999 -9999 -9999 -9999 -9999 -9999 -9999 -9999 -9999 -9999 -9999 -9999 -9999 -9999
4 4 5 5 5 5 6 7 7 8 8 14 17 19 20 19 19 19 19 18 17 17 16 17 17 18 19 23 35 52 74 97 107 113 114 122 121 116 116 118 110 104 99 100 93 80 64 44 42 33 32 30 20 20 7 6 5 -9999 -9999 -9999 -9999 -9999 -9999 -9999 -9999 -9999 -9999 -9999 -9999 -9999 -9999 -9999 -9999 -9999 -9999 -9999 -9999 -9999 -9999 -9999 -9999 -9999 -9999 -9999 -9999 -9999 -9999 -9999 -9999 -9999 -9999 -9999 -9999 -9999 -9999 -9999
4 4 5 5 5 6 7 8 9 10 10 18 19 21 21 21 20 20 19 19 18 17 17 17 18 19 20 24 50 74 105 120 127 128 128 138 136 132 134 135 129 125 117 105 107 100 84 56 45 35 35 33 28 21 20 6 -9999 -9999 -9999 -9999 -9999 -9999 -9999 -9999 -9999 -9999 -9999 -9999 -9999 -9999 -9999 -9999 -9999 -9999 -9999 -9999 -9999 -9999 -9999 -9999 -9999 -9999 -9999 -9999 -9999 -9999 -9999 -9999 -9999 -9999 -9999 -9999 -9999 -9999 -9999 -9999
4 5 5 5 6 8 8 8 9 9 11 18 20 21 21 21 21 21 20 19 18 17 17 18 18 19 22 41 65 106 122 134 134 142 144 153 156 159 152 154 147 144 139 126 112 115 108 82 49 48 37 36 28 23 8 6 -9999 -9999 -9999 -9999 -9999 -9999 -9999 -9999 -9999 -9999 -9999 -9999 -9999 -9999 -9999 -9999 -9999 -9999 -9999 -9999 -9999 -9999 -9999 -9999 -9999 -9999 -9999 -9999 -9999 -9999 -9999 -9999 -9999 -9999 -9999 -9999 -9999 -9999 -9999 -9999
4 5 5 6 8 8 8 8 9 9 10 18 20 21 21 21 21 21 21 19 19 18 18 18 18 19 28 57 91 125 132 147 150 169 171 183 185 188 184 187 182 175 160 150 136 122 123 107 63 52 40 38 25 -9999 -9999 -9999 -9999 -9999 -9999 -9999 -9999 -9999 -9999 -9999 -9999 -9999 -9999 -9999 -9999 -9999 -9999 -9999 -9999 -9999 -9999 -9999 -9999 -9999 -9999 -9999 -9999 -9999 -9999 -9999 -9999 -9999 -9999 -9999 -9999 -9999 -9999 -9999 -9999 -9999 -9999 -9999
4 4 5 8 8 8 8 8 9 9 12 18 20 21 21 21 21 21 21 21 19 18 18 18 18 19 38 77 110 136 147 174 181 196 200 203 220 218 217 232 215 210 200 186 164 139 134 124 77 55 42 41 -9999 -9999 -9999 -9999 -9999 -9999 -9999 -9999 -9999 -9999 -9999 -9999 -9999 -9999 -9999 -9999 -9999 -9999 -9999 -9999 -9999 -9999 -9999 -9999 -9999 -9999 -9999 -9999 -9999 -9999 -9999 -9999 -9999 -9999 -9999 -9999 -9999 -9999 -9999 -9999 -9999 -9999 -9999 -9999
4 4 7 8 8 8 8 8 9 9 13 17 19 20 21 21 21 21 21 21 20 19 18 17 18 25 45 96 128 152 172 191 203 216 228 240 248 255 251 266 270 255 248 238 203 165 141 141 93 59 46 44 -9999 -9999 -9999 -9999 -9999 -9999 -9999 -9999 -9999 -9999 -9999 -9999 -9999 -9999 -9999 -9999 -9999 -9999 -9999 -9999 -9999 -9999 -9999 -9999 -9999 -9999 -9999 -9999 -9999 -9999 -9999 -9999 -9999 -9999 -9999 -9999 -9999 -9999 -9999 -9999 -9999 -9999 -9999 -9999
3 5 8 8 8 8 8 8 9 9 9 17 19 20 20 20 20 20 21 20 19 18 17 17 18 36 70 109 151 169 200 218 228 256 272 286 291 307 304 302 310 309 -9999 290 266 222 159 152 118 62 63 50 -9999 -9999 -9999 -9999 -9999 -9999 -9999 -9999 -9999 -9999 -9999 -9999 -9999 -9999 -9999 -9999 -9999 -9999 -9999 -9999 -9999 -9999 -9999 -9999 -9999 -9999 -9999 -9999 -9999 -9999 -9999 -9999 -9999 -9999 -9999 -9999 -9999 -9999 -9999 -9999 -9999 -9999 -9999 -9999
3 6 7 8 8 8 8 8 8 9 9 16 18 20 20 20 20 20 20 19 19 19 17 17 18 41 80 132 169 207 232 255 269 289 316 323 339 349 354 353 354 -9999 351 359 336 301 220 -9999 122 -9999 70 57 -9999 -9999 -9999 -9999 -9999 -9999 -9999 -9999 -9999 -9999 -9999 -9999 -9999 -9999 -9999 -9999 -9999 -9999 -9999 -9999 -9999 -9999 -9999 -9999 -9999 -9999 -9999 -9999 -9999 -9999 -9999 -9999 -9999 -9999 -9999 -9999 -9999 -9999 -9999 -9999 -9999 -9999 -9999 -9999
3 6 7 8 8 8 8 8 8 9 9 16 18 20 20 20 20 20 19 19 19 19 17 17 18 51 93 152 207 236 257 285 301 319 342 363 373 393 393 397 394 -9999 -9999 -9999 -9999 -9999 -9999 -9999 -9999 -9999 -9999 96 -9999 -9999 -9999 -9999 -9999 -9999 -9999 -9999 -9999 -9999 -9999 -9999 -9999 -9999 -9999 -9999 -9999 -9999 -9999 -9999 -9999 -9999 -9999 -9999 -9999 -9999 -9999 -9999 -9999 -9999 -9999 -9999 -9999 -9999 -9999 -9999 -9999 -9999 -9999 -9999 -9999 -9999 -9999 -9999
2 6 7 7 8 8 8 8 8 9 9 13 16 19 20 20 20 19 19 19 20 19 17 17 24 58 114 185 232 258 294 314 328 355 383 398 409 428 440 444 -9999 -9999 -9999 -9999 -9999 -9999 -9999 -9999 -9999 -9999 -9999 -9999 -9999 -9999 -9999 -9999 -9999 -9999 -9999 -9999 -9999 -9999 -9999 -9999 -9999 -9999 -9999 -9999 -9999 -9999 -9999 -9999 -9999 -9999 -9999 -9999 -9999 -9999 -9999 -9999 -9999 -9999 -9999 -9999 -9999 -9999 -9999 -9999 -9999 -9999 -9999 -9999 -9999 -9999 -9999 -9999
2 5 6 7 8 8 8 8 9 9 9 9 16 18 20 20 19 18 18 18 18 19 17 17 28 86 130 207 255 288 323 344 358 375 396 414 440 463 473 -9999 -9999 -9999 -9999 -9999 -9999 -9999 -9999 -9999 -9999 -9999 -9999 -9999 -9999 -9999 -9999 -9999 -9999 -9999 -9999 -9999 -9999 -9999 115 -9999 -9999 -9999 -9999 -9999 -9999 -9999 -9999 -9999 -9999 -9999 -9999 -9999 -9999 -9999 -9999 -9999 -9999 -9999 -9999 -9999 -9999 -9999 -9999 -9999 -9999 -9999 -9999 -9999 -9999 -9999 -9999 -9999
3 4 5 6 6 7 8 8 9 8 8 9 13 16 18 19 18 18 18 18 18 19 19 18 32 93 152 215 283 310 336 353 384 412 434 454 468 477 491 -9999 -9999 -9999 -9999 -9999 -9999 -9999 -9999 -9999 -9999 -9999 -9999 -9999 -9999 -9999 -9999 -9999 -9999 -9999 -9999 -9999 -9999 100 106 110 115 96 63 -9999 -9999 -9999 -9999 -9999 -9999 -9999 -9999 -9999 -9999 -9999 -9999 -9999 -9999 -9999 -9999 -9999 -9999 -9999 -9999 -9999 -9999 -9999 -9999 -9999 -9999 -9999 -9999 -9999
1 3 4 5 6 6 6 7 7 8 8 8 8 12 15 17 17 17 17 18 18 19 19 19 41 104 173 237 290 327 364 394 427 447 463 473 486 504 520 -9999 -9999 -9999 -9999 -9999 -9999 -9999 -9999 -9999 -9999 -9999 -9999 -9999 -9999 -9999 -9999 -9999 -9999 -9999 -9999 -9999 90 94 98 102 106 111 79 57 -9999 -9999 -9999 -9999 -9999 -9999 -9999 -9999 -9999 -9999 -9999 -9999 -9999 -9999 -9999 -9999 -9999 -9999 -9999 -9999 -9999 -9999 -9999 -9999 -9999 -9999 -9999 -9999
1 3 4 4 4 5 5 6 6 7 7 7 7 7 10 14 15 16 16 17 18 19 18 24 47 121 195 252 291 351 385 410 434 453 461 472 484 499 -9999 -9999 -9999 -9999 -9999 -9999 569 -9999 -9999 -9999 -9999 -9999 -9999 -9999 -9999 -9999 -9999 -9999 -9999 -9999 88 79 85 88 90 94 99 104 87 58 54 -9999 -9999 -9999 -9999 -9999 -9999 -9999 -9999 -9999 -9999 -9999 -9999 -9999 -9999 -9999 -9999 -9999 -9999 -9999 -9999 -9999 -9999 -9999 -9999 -9999 -9999 -9999
