data/grids/anth/POPDENS.asc
NCOLS 822 
NROWS 563 
XLLCORNER -58000 
YLLCORNER 5661000 
CELLSIZE 1000 
NODATA_value -9999 
[rows 336 to 391 of 563, columns 384 to 479 of 822]
10 10 10 10 10 10 10 10 6 6 5 4 4 4 4 2 2 2 1 1 1 1 1 1 1 3 5 6 6 6 6 6 6 6 6 6 6 6 6 6 6 6 4 1 1 1 1 1 2 5 10 10 10 10 11 11 11 11 11 11 11 10 10 10 10 10 10 10 10 4 3 2 2 2 2 2 3 3 3 3 3 3 3 2 2 2 2 2 3 3 3 3 3 7 4 4
10 10 10 10 10 10 10 10 9 6 5 4 4 4 3 2 2 2 1 1 1 1 1 1 3 5 6 6 6 6 6 6 6 6 6 6 6 6 6 6 6 6 6 4 1 1 1 1 2 10 10 10 10 11 11 11 11 11 11 11 11 11 11 11 11 11 11 11 10 11 3 2 2 2 2 2 3 3 3 3 3 3 3 3 2 2 2 2 2 2 3 3 3 3 3 3
10 10 10 10 10 10 10 10 10 6 5 4 4 3 2 2 2 2 1 1 1 1 1 1 3 6 6 6 6 6 6 6 6 6 7 7 6 6 6 6 6 6 6 5 1 1 1 1 2 10 10 10 11 11 11 11 11 11 11 11 11 11 11 11 11 11 11 11 12 11 3 3 3 3 2 3 3 3 3 3 3 3 3 3 3 2 2 2 2 2 2 2 2 3 2 2
10 10 10 10 10 10 10 10 10 9 6 5 3 2 2 2 2 2 1 1 1 1 1 3 5 7 7 7 7 7 6 6 6 6 7 7 6 6 6 6 6 6 6 6 4 1 1 2 2 10 10 10 11 11 11 11 11 11 11 11 11 11 11 11 11 11 11 12 12 11 3 3 3 3 3 2 2 3 3 3 3 3 3 3 3 3 1 2 2 2 2 2 2 2 2 2
10 11 11 11 11 11 10 10 10 9 5 4 3 2 2 2 2 2 1 1 1 1 1 3 6 7 7 7 7 7 7 6 6 6 7 7 7 6 6 6 6 6 6 6 5 1 1 2 5 10 10 11 11 11 11 11 11 11 11 11 11 11 11 11 11 11 11 12 12 11 6 3 3 3 3 2 2 2 2 3 3 3 3 3 3 3 1 1 1 2 2 2 2 2 2 2
9 10 10 10 10 11 10 10 9 9 4 4 3 2 2 2 2 2 1 1 1 1 1 3 7 7 7 7 7 7 7 6 6 7 7 7 7 6 6 6 6 6 6 6 5 1 1 2 7 10 10 11 11 11 11 11 11 11 11 11 11 11 11 11 11 11 12 12 12 12 8 3 3 3 3 2 2 2 2 2 2 2 3 3 3 2 2 1 1 1 2 2 2 2 2 2
10 10 10 10 9 10 9 9 9 8 5 4 3 2 2 2 2 2 2 1 1 1 2 3 7 7 7 7 7 7 7 7 6 7 7 7 7 6 6 6 6 6 6 6 5 1 1 1 2 10 10 11 11 11 11 11 11 11 11 11 11 11 11 11 11 11 12 12 12 11 4 3 3 3 3 2 2 2 2 2 2 2 2 2 2 2 2 1 1 1 2 2 2 2 2 2
10 10 10 10 9 9 9 9 9 9 8 4 3 2 2 2 2 2 2 2 2 2 3 6 7 7 7 7 7 7 7 7 7 7 7 7 7 7 6 6 6 6 6 6 6 4 1 1 2 10 10 11 11 11 11 11 11 11 11 11 11 11 11 11 11 11 13 12 12 11 4 3 3 3 3 3 2 2 2 2 2 2 2 2 2 2 2 1 1 1 1 2 2 2 2 2
11 10 10 10 10 9 9 9 9 9 5 4 3 2 2 2 2 2 2 2 2 2 2 4 7 7 7 7 7 7 7 7 7 7 7 7 7 7 6 6 6 6 6 6 5 2 1 1 2 10 10 11 11 11 11 11 11 11 11 11 11 11 11 11 11 11 13 12 12 11 4 3 3 3 3 3 2 2 2 2 2 2 2 2 2 2 2 1 1 1 2 2 2 2 2 2
11 11 10 10 10 9 9 9 9 9 5 4 3 2 2 2 2 2 2 2 2 2 2 3 7 7 7 7 7 7 7 7 7 7 7 7 7 7 6 6 6 6 6 6 5 1 1 1 2 7 10 10 11 11 11 11 11 11 11 11 11 11 11 11 11 13 13 12 12 9 3 3 3 3 3 3 2 2 2 2 2 2 2 2 2 2 2 2 1 1 2 2 2 2 2 2
15 11 11 10 9 9 9 9 9 9 5 4 2 2 2 2 2 2 2 2 2 2 2 3 7 7 7 7 7 7 7 7 7 7 7 7 7 7 7 6 6 6 6 6 5 1 1 1 1 2 10 10 10 11 11 11 11 11 11 11 11 11 11 11 11 11 13 12 12 4 3 3 3 3 3 3 3 2 2 2 2 2 2 2 2 2 2 1 1 1 1 2 2 2 2 2
23 15 11 10 9 9 9 9 9 9 5 4 2 2 2 2 2 2 2 2 2 2 2 4 7 7 7 7 7 7 7 7 7 7 7 7 7 7 7 6 6 6 6 6 5 1 1 1 1 2 7 10 10 11 11 11 11 11 11 11 11 11 11 11 11 11 12 12 9 4 3 3 3 3 3 3 3 2 2 2 2 2 2 2 2 2 2 1 1 1 1 2 2 2 2 2
24 22 15 11 9 9 9 9 9 5 5 3 2 2 2 2 2 2 2 2 2 2 2 2 5 7 7 7 7 7 7 7 7 7 7 7 7 7 6 6 6 6 6 5 2 1 1 1 1 1 2 7 10 10 11 11 11 11 11 11 11 11 11 11 11 11 12 9 4 3 3 3 3 3 3 3 3 2 2 2 2 2 2 2 2 2 2 1 1 1 1 1 2 2 2 2
25 24 18 11 10 9 9 9 9 5 5 3 2 2 2 2 2 2 2 2 2 2 2 2 4 8 8 7 7 7 7 7 7 7 7 7 7 7 6 6 6 6 6 5 1 1 1 1 1 1 1 2 7 10 10 11 11 11 11 11 11 11 11 11 11 11 9 4 3 3 3 3 3 3 3 3 3 2 2 2 2 2 2 2 2 2 2 1 1 1 1 1 1 2 2 2
31 29 26 19 10 10 9 9 5 5 4 3 2 2 2 2 3 2 2 2 2 3 2 2 2 5 7 8 8 7 7 7 7 7 7 7 7 7 6 6 6 6 5 2 1 1 1 1 1 1 1 1 2 7 7 10 11 11 11 11 11 11 11 11 8 7 2 3 3 3 3 3 3 3 3 3 3 2 2 2 2 2 2 2 2 1 0 1 1 1 1 1 1 1 1 2
34 31 29 23 15 14 9 6 5 4 3 3 2 2 2 3 3 3 3 3 3 3 3 3 3 3 5 7 7 7 7 7 7 7 7 7 7 7 6 6 6 5 2 1 1 1 1 1 1 1 1 1 1 1 2 7 8 8 8 10 8 8 8 7 2 2 2 3 3 3 3 3 3 3 3 3 2 2 2 2 2 2 2 2 2 1 0 1 1 1 1 1 1 1 1 1
34 33 30 25 18 16 11 5 4 3 3 2 2 2 3 3 3 3 3 2 2 2 3 3 3 3 3 5 7 8 7 7 7 7 7 7 7 7 6 6 5 2 1 1 1 1 1 1 1 1 1 1 1 1 1 1 2 2 2 7 2 2 2 2 2 2 2 2 3 3 3 3 3 3 3 2 2 2 2 2 2 2 2 2 1 0 1 1 1 1 1 1 1 1 1 1
34 33 32 25 14 14 12 9 4 3 2 2 2 2 3 3 3 3 3 2 2 2 2 3 3 3 3 3 4 5 7 7 7 7 7 7 7 6 5 2 2 1 1 1 1 1 1 1 1 1 1 1 1 1 1 1 1 2 2 2 2 2 2 2 2 2 2 2 2 3 3 3 3 3 2 2 2 2 2 2 2 2 2 2 0 0 0 1 1 1 1 1 1 1 1 1
32 32 27 24 16 13 12 12 8 3 2 2 2 3 3 3 3 3 2 2 2 2 2 2 2 3 3 3 3 3 3 3 3 5 5 3 3 2 2 1 1 1 1 1 1 1 1 1 1 1 1 1 1 1 1 1 1 1 2 2 2 2 2 2 2 2 2 2 2 1 3 3 3 2 2 2 2 2 2 2 2 2 2 0 0 0 0 1 1 1 1 1 1 1 1 1
33 32 28 21 15 12 12 11 10 3 2 2 3 3 3 3 3 2 2 2 2 2 2 2 2 2 2 3 3 3 3 2 2 2 3 2 1 1 1 1 1 1 1 1 1 1 1 1 1 1 1 1 1 1 1 1 1 1 2 3 2 2 2 2 2 2 2 2 1 1 1 1 2 2 2 2 2 2 2 2 2 0 0 0 0 0 0 0 1 1 1 1 1 1 1 1
37 34 29 22 14 12 11 11 11 8 2 2 2 3 3 3 2 2 2 2 2 2 2 2 2 2 2 2 3 3 3 2 2 2 2 2 1 1 1 1 1 1 1 1 1 1 1 1 1 1 1 1 1 1 1 2 2 2 3 3 3 3 3 3 2 2 1 1 1 1 1 1 1 1 1 1 2 1 0 0 0 0 0 0 0 0 0 0 1 1 1 1 1 1 1 1
47 37 30 21 14 13 12 11 11 10 3 2 2 3 2 2 2 2 2 2 2 2 2 2 2 2 2 2 2 3 3 3 2 2 2 2 2 1 1 1 1 1 1 1 1 1 1 1 1 1 1 1 1 2 2 2 2 2 3 3 3 3 3 3 3 3 1 1 1 1 1 1 1 1 1 1 1 0 0 0 0 0 0 0 0 0 0 0 0 1 1 1 1 1 1 1
54 45 33 23 15 14 13 11 11 10 4 2 3 2 2 2 2 2 2 2 2 2 2 2 2 2 2 2 2 3 3 3 2 2 2 2 2 1 1 1 1 1 1 1 1 1 1 1 1 1 1 1 2 2 2 2 2 2 2 3 3 3 3 3 3 3 2 1 1 1 1 1 1 1 1 0 0 0 0 0 0 0 0 0 0 0 0 0 0 0 1 1 1 1 1 1
54 51 37 24 17 15 13 11 11 10 4 2 2 2 2 2 2 2 2 2 2 2 2 2 2 2 2 2 2 3 3 3 2 2 2 2 2 2 1 1 1 1 1 1 1 1 1 1 1 1 1 2 2 2 2 2 2 2 2 2 3 3 3 3 3 3 2 2 1 1 1 1 1 0 0 0 0 0 0 0 0 0 0 0 0 0 0 0 0 0 1 1 1 1 1 1
52 50 45 30 19 15 14 13 11 10 7 2 2 2 2 2 2 2 2 2 2 2 2 2 2 2 2 3 3 3 3 3 2 2 2 2 2 2 1 1 1 1 1 1 1 1 1 1 1 1 2 2 2 2 2 2 2 2 2 2 2 3 3 3 3 3 2 2 2 1 1 1 0 0 0 0 0 0 0 0 0 0 0 0 0 0 0 0 0 0 0 1 1 1 1 1
51 45 41 37 21 17 14 13 11 10 6 3 2 2 2 2 2 2 2 2 3 3 2 2 2 2 3 3 3 3 3 3 2 2 2 2 2 1 1 1 1 1 1 1 1 1 1 1 1 1 2 2 2 2 2 2 2 2 2 2 2 2 2 2 2 3 2 2 2 1 1 0 0 0 0 0 0 0 0 0 0 0 0 0 0 0 0 0 0 0 0 0 1 1 1 1
47 42 39 39 30 19 15 13 11 10 4 3 2 2 2 2 3 3 3 4 4 4 4 4 4 3 3 3 3 3 3 3 2 2 1 1 1 1 1 1 1 1 1 1 1 1 1 1 1 2 2 2 2 2 2 2 2 2 2 2 2 2 2 2 2 2 2 2 2 2 1 0 0 0 0 0 0 0 0 0 0 0 0 0 0 0 0 0 0 0 0 0 0 1 1 1
43 39 39 39 37 19 15 13 11 10 4 3 2 2 3 3 4 5 5 5 5 5 5 5 5 5 4 3 3 3 3 3 2 1 1 1 1 1 1 1 1 1 1 1 1 1 1 1 1 2 2 2 2 2 2 2 2 2 2 2 2 2 2 2 2 2 2 2 2 2 1 0 0 0 0 0 0 0 0 0 0 0 0 0 0 0 0 0 0 0 0 0 0 0 0 0
41 41 40 40 38 20 16 14 12 11 5 3 3 3 4 5 5 5 5 5 5 5 5 5 5 5 5 5 3 3 3 2 2 1 1 1 1 1 1 1 1 1 1 1 1 1 1 1 1 2 2 2 2 2 2 2 2 2 2 2 2 2 2 2 2 2 2 2 2 2 0 0 0 0 0 0 0 0 0 0 0 0 0 0 0 0 0 0 0 0 0 0 0 0 0 0
42 42 41 41 40 24 19 23 12 8 5 4 4 5 5 5 5 5 5 5 5 5 5 5 6 6 6 5 5 3 3 2 2 2 1 1 1 1 1 1 1 1 1 1 1 1 1 1 1 2 2 2 2 2 2 2 2 2 2 2 2 2 3 2 2 2 2 2 2 2 1 0 0 0 0 0 0 0 0 0 0 0 0 0 0 0 0 0 0 0 0 0 0 0 0 0
43 43 43 50 48 38 27 28 24 15 14 13 6 6 6 6 6 6 5 5 5 5 5 6 6 6 6 6 5 5 3 2 2 2 1 1 1 1 1 1 1 1 1 1 1 1 1 1 2 2 2 2 2 2 2 2 2 2 3 3 3 3 3 3 3 3 3 2 2 2 2 0 0 0 0 0 0 0 0 0 0 0 0 0 0 0 0 0 0 0 0 0 0 0 0 0
44 51 51 55 55 44 33 32 26 23 21 21 18 15 6 6 6 6 6 6 5 6 6 6 6 6 6 7 8 5 4 2 2 2 2 2 1 1 1 1 1 1 1 1 1 1 1 1 1 2 2 2 2 2 2 2 3 3 3 3 3 3 3 3 3 3 2 2 2 2 0 0 0 0 0 0 0 0 0 0 0 0 0 0 0 0 0 0 0 0 0 0 0 0 0 0
52 56 58 58 56 38 34 29 25 23 23 22 22 22 17 7 6 6 6 6 6 6 6 6 8 8 8 9 8 8 7 5 4 2 2 2 2 2 2 1 1 1 1 1 1 1 1 1 1 2 2 2 2 2 2 3 3 3 3 3 3 3 3 3 3 2 2 2 2 2 0 0 0 0 0 0 0 0 0 0 0 0 0 0 0 0 0 0 0 0 0 0 0 0 0 0
55 58 59 58 56 38 30 26 25 23 24 24 23 22 22 17 7 6 6 6 6 6 8 8 8 9 9 9 8 8 8 7 5 5 4 2 2 2 2 2 2 1 1 1 1 1 1 1 0 2 2 2 2 2 3 3 3 3 3 3 3 3 3 3 3 2 2 2 2 2 1 0 0 0 0 0 0 0 0 0 0 0 0 0 0 0 0 0 0 0 0 0 0 0 0 0
58 59 59 58 50 33 28 25 24 24 24 25 24 23 22 22 18 7 7 6 7 8 8 8 9 9 9 9 8 8 8 7 6 6 5 4 2 2 2 2 2 2 1 1 1 1 1 1 0 2 2 2 2 3 3 3 3 3 3 3 3 3 3 3 3 2 2 2 2 2 1 1 0 0 0 0 0 0 0 0 0 0 0 0 0 0 0 0 0 0 0 0 0 0 0 0
55 55 55 53 40 29 26 25 24 24 25 25 25 24 22 22 22 10 7 7 9 9 9 9 9 9 8 8 8 8 8 7 6 6 6 5 4 2 2 2 2 2 2 1 1 1 1 1 1 1 2 2 2 3 3 3 3 3 3 3 3 3 3 3 3 2 2 2 2 1 1 1 0 0 0 0 0 0 0 0 0 0 0 0 0 0 0 0 0 0 0 0 0 0 0 0
53 53 52 48 31 27 25 25 25 25 26 26 25 24 23 22 22 18 8 9 9 9 9 9 9 8 8 9 9 9 8 8 6 6 6 6 5 4 2 2 2 2 2 1 1 1 1 1 1 1 2 2 2 3 3 3 3 3 3 3 3 3 3 3 3 2 2 2 2 1 1 1 1 0 0 0 0 0 0 0 0 0 0 0 0 0 0 0 0 0 0 0 0 0 0 0
53 51 48 37 27 27 26 25 26 30 27 26 26 25 23 23 22 22 11 10 10 9 9 9 9 9 9 9 9 9 9 8 7 6 6 6 5 5 3 2 2 2 2 1 1 1 1 1 1 1 1 2 2 3 3 3 3 3 3 3 3 3 3 3 3 2 2 2 1 1 1 1 1 0 0 0 0 0 0 0 0 0 0 0 0 0 0 0 0 0 0 0 0 0 0 0
51 47 36 27 28 32 31 31 31 40 32 32 32 31 24 23 23 23 13 10 10 10 10 9 9 9 9 9 9 9 9 8 6 6 6 6 6 5 5 2 2 2 2 1 1 1 1 1 1 1 1 1 2 3 3 3 3 3 3 3 3 3 3 3 3 2 2 1 1 1 1 1 1 0 0 0 0 0 0 0 0 0 0 0 0 0 0 0 0 0 0 0 0 0 0 0
44 35 28 33 33 41 43 40 42 44 41 42 41 40 31 29 24 24 14 12 11 10 10 10 10 10 9 10 9 9 9 8 7 6 6 6 6 6 5 3 2 2 2 2 1 1 1 1 1 1 1 1 1 2 2 3 3 3 3 3 3 3 3 3 2 2 1 1 1 1 1 1 1 0 0 0 0 0 0 0 0 0 0 0 0 0 0 0 0 0 0 0 0 0 0 0
34 28 36 45 47 52 49 56 50 50 50 48 48 45 40 39 30 25 23 13 12 12 11 11 10 10 10 10 10 10 9 8 7 7 6 6 6 6 5 3 3 2 2 2 2 1 1 1 1 1 1 1 1 1 1 3 3 3 3 3 3 3 3 2 1 1 1 1 1 1 1 1 1 1 0 0 0 0 0 0 0 0 0 0 0 0 0 0 0 0 0 0 0 0 0 0
31 38 49 60 60 68 60 60 60 60 58 60 53 49 47 44 40 31 20 16 13 13 12 12 11 11 11 11 10 10 9 8 7 7 7 7 7 6 6 4 3 3 2 2 2 2 2 1 1 1 1 1 1 1 1 1 1 1 1 2 1 1 1 1 1 1 1 1 1 1 1 1 1 0 0 0 0 0 0 0 0 0 0 0 0 0 0 0 0 0 0 0 0 0 0 0
47 64 68 79 69 69 78 68 68 69 62 62 61 61 49 48 46 44 22 15 14 14 13 13 12 12 12 11 11 10 9 8 7 7 7 7 7 7 7 6 3 4 3 3 2 2 2 2 1 1 1 1 1 1 1 1 1 1 1 1 1 1 1 1 1 1 1 1 1 1 1 1 1 0 0 0 0 0 0 0 0 0 0 0 0 0 0 0 0 0 0 0 0 0 0 0
93 79 89 101 91 97 89 89 79 80 80 71 64 63 61 50 50 47 33 16 15 15 14 14 13 13 13 12 12 10 10 8 8 8 8 7 7 8 7 5 5 6 4 4 4 3 3 2 2 1 1 1 1 1 1 1 1 1 1 1 1 1 1 1 1 1 1 1 1 1 1 1 1 0 0 0 0 0 0 0 0 0 0 0 0 0 0 0 0 0 0 0 0 0 0 0
160 142 133 126 130 121 115 114 102 100 82 83 83 66 65 63 52 52 38 22 16 16 15 15 15 14 14 13 12 11 10 9 9 8 8 9 9 10 9 7 7 6 6 6 8 5 4 3 2 2 1 1 1 1 1 1 1 1 1 1 1 1 1 1 1 1 1 1 1 1 1 1 1 0 0 0 0 0 0 0 0 0 0 0 0 0 0 0 0 0 0 0 0 0 0 0
214 194 183 184 185 165 159 149 141 128 109 95 87 85 69 67 63 48 43 33 18 17 16 16 16 15 14 13 12 11 17 10 10 9 9 11 11 11 10 8 10 9 9 11 10 8 8 7 6 2 2 1 1 1 1 1 1 1 1 1 1 1 1 1 1 1 1 1 1 1 1 1 0 0 0 0 0 0 0 0 0 0 0 0 0 0 0 0 0 0 0 0 0 0 0 0
231 220 190 201 186 197 179 169 160 153 145 120 99 88 88 68 68 46 44 39 21 18 18 17 17 16 21 20 19 19 18 17 17 17 18 12 12 12 13 14 15 15 18 15 15 14 13 12 10 6 4 2 1 1 1 1 1 1 1 1 1 1 1 1 1 1 1 1 1 1 1 0 0 0 0 0 0 0 0 0 0 0 0 0 0 0 0 0 0 0 0 0 0 0 0 0
268 257 228 230 229 223 209 202 182 171 155 154 122 104 90 82 61 54 43 40 22 21 18 18 23 23 21 20 20 19 19 19 19 20 20 20 19 16 20 21 22 22 22 22 23 21 21 16 15 13 7 4 1 1 1 1 1 1 1 1 1 1 1 1 1 1 1 1 1 1 0 0 0 0 0 0 0 0 0 0 0 0 0 0 0 0 0 0 0 0 0 0 0 0 0 0
363 335 302 283 280 263 255 247 222 205 187 182 166 124 112 93 62 55 43 40 27 22 21 25 24 23 22 21 20 20 19 19 21 21 21 21 28 30 23 24 25 24 24 23 24 23 23 22 21 16 14 7 4 1 1 1 1 1 1 1 1 1 1 1 1 1 1 1 1 1 0 0 1 0 0 0 0 0 0 0 0 0 0 0 0 0 0 0 0 0 0 0 0 0 0 0
465 407 372 358 335 328 318 317 286 259 235 206 199 167 133 107 85 63 47 43 32 22 29 27 25 23 22 21 21 20 20 20 22 22 22 29 31 31 32 25 26 26 25 25 25 24 24 24 23 22 17 12 7 4 1 0 1 1 1 1 1 1 1 1 1 1 1 1 2 1 1 1 1 1 1 1 1 0 0 0 0 0 0 0 0 0 0 0 0 0 0 0 0 0 0 0
519 465 432 421 428 409 403 383 355 317 281 250 205 194 140 119 96 80 62 47 29 30 30 29 25 24 23 22 21 20 20 22 22 22 28 32 32 34 33 33 27 26 26 25 25 25 24 24 24 23 22 17 11 6 1 0 0 0 1 1 1 1 1 1 1 1 2 1 1 1 1 1 1 1 1 1 1 1 1 0 0 0 0 0 0 0 0 0 0 0 0 0 0 0 0 0
577 538 490 502 501 498 480 457 428 379 337 295 263 225 179 146 110 84 77 60 27 32 31 30 28 25 24 22 22 21 20 22 22 26 31 32 34 34 35 34 27 27 26 26 25 25 24 24 24 23 23 22 15 9 4 1 0 0 0 0 0 0 1 0 0 1 1 1 1 1 1 1 1 1 1 1 1 1 1 1 0 0 0 0 0 0 0 0 0 0 0 0 0 0 0 0
687 606 570 572 583 567 556 536 504 458 414 347 310 267 214 169 137 97 79 69 49 34 32 29 28 26 24 23 22 21 21 22 22 26 31 34 34 35 35 34 34 27 26 26 25 25 24 24 24 24 23 22 16 13 6 1 0 0 0 0 0 0 0 0 1 1 1 1 1 1 1 1 1 1 1 1 1 1 1 1 1 0 0 0 0 0 0 0 0 0 0 0 0 0 0 0
769 722 675 679 671 642 643 597 582 534 480 419 353 311 260 222 154 131 94 71 57 42 33 29 27 24 23 22 22 19 21 23 24 27 32 35 35 36 35 35 34 27 26 26 25 25 25 24 24 24 24 22 20 15 9 2 1 0 0 0 0 0 0 1 1 1 1 1 1 1 1 1 1 1 1 1 1 1 1 1 1 1 0 0 0 0 0 0 0 0 0 0 0 0 0 0
875 813 756 755 730 749 712 690 652 622 552 490 416 359 292 247 200 150 115 80 63 55 36 33 29 24 24 26 24 24 24 24 28 31 38 38 36 36 36 35 34 27 26 26 25 25 25 25 24 24 24 23 21 15 10 2 1 0 0 0 0 0 0 2 1 1 1 1 1 1 1 1 1 1 1 1 1 1 1 1 1 1 0 0 0 0 0 0 0 0 0 0 0 0 0 0
984 937 886 862 851 816 791 758 717 673 616 559 485 412 327 285 222 184 134 97 82 67 50 39 33 34 29 26 35 24 23 25 28 34 39 40 41 39 36 36 34 27 27 26 26 25 25 25 25 24 24 23 20 16 11 7 1 2 0 1 1 1 2 2 2 2 2 2 1 1 1 1 1 1 1 1 1 1 1 1 1 1 1 0 0 0 0 0 0 0 0 0 0 0 0 0
