data/grids/anth/POPDENS.asc
NCOLS 822 
NROWS 563 
XLLCORNER -58000 
YLLCORNER 5661000 
CELLSIZE 1000 
NODATA_value -9999 
[rows 280 to 335 of 563, columns 288 to 383 of 822]
2 1 1 1 1 1 2 1 2 2 2 2 3 3 3 4 4 4 5 5 17 20 22 34 40 43 44 40 40 34 32 32 31 24 21 20 13 13 7 5 5 3 3 2 2 2 2 2 2 2 2 2 2 1 1 1 1 1 1 1 1 1 1 2 2 2 2 2 2 2 2 2 2 2 2 2 2 2 2 2 2 2 2 2 2 3 3 3 3 3 3 3 3 3 3 3
2 1 1 1 1 2 2 1 2 2 2 2 3 4 4 4 5 6 11 20 23 27 44 48 52 52 51 51 50 46 43 34 32 31 24 24 21 13 13 7 5 5 3 2 2 2 2 2 2 2 2 2 2 1 1 1 1 1 1 1 1 1 1 2 2 2 2 2 2 2 2 2 2 2 2 2 2 2 2 2 2 2 1 2 2 2 3 3 3 3 3 3 3 3 3 3
2 1 1 1 2 2 2 2 2 3 4 4 4 5 5 6 7 12 23 26 30 46 53 56 56 55 62 57 55 53 51 46 37 33 32 24 24 21 13 13 7 5 3 3 2 2 2 2 2 2 2 2 2 2 1 1 1 1 1 1 1 1 1 1 2 2 2 2 2 2 2 2 2 2 2 2 2 2 2 2 2 1 1 1 2 2 2 3 3 3 3 3 3 3 3 3
2 1 1 2 2 2 2 3 3 4 4 5 5 6 7 8 14 25 29 34 47 55 63 65 66 70 71 66 70 63 62 54 47 38 33 32 25 24 22 14 8 6 3 3 2 2 2 2 2 2 2 2 2 2 1 1 1 1 1 1 1 1 1 1 1 2 2 2 2 2 2 2 2 2 2 2 2 2 2 2 1 1 1 1 1 2 2 2 2 3 3 3 3 3 3 3
2 2 2 2 2 2 3 3 4 4 5 5 6 7 8 14 24 36 42 45 67 77 86 87 94 90 93 85 88 87 82 70 67 48 38 33 26 25 24 15 13 7 4 3 3 2 2 2 2 2 2 2 2 2 1 1 1 1 1 1 1 1 1 1 1 1 2 2 2 2 2 2 2 2 2 2 2 2 2 1 1 1 1 1 1 1 1 2 2 2 2 3 3 3 3 4
2 2 2 2 2 3 3 3 4 4 5 6 6 8 14 25 38 43 47 68 85 94 106 107 110 117 121 111 111 108 108 95 88 77 55 38 34 27 25 22 14 8 5 3 3 3 2 2 2 2 2 2 2 2 1 1 1 1 1 1 1 1 1 1 1 1 1 1 2 2 2 2 2 2 2 2 2 1 1 1 1 1 1 1 1 1 1 1 1 1 1 2 1 1 2 2
2 2 2 2 3 3 3 4 4 5 5 6 7 16 23 29 42 47 61 82 98 114 122 133 137 142 142 142 141 136 131 120 116 98 84 59 42 30 28 26 16 9 5 4 3 3 3 2 2 2 2 2 2 2 1 1 1 1 1 1 1 1 1 1 1 1 1 1 1 1 1 1 2 1 1 1 1 1 1 1 1 1 1 1 0 1 1 1 1 1 1 1 1 1 2 2
2 2 2 2 3 3 4 4 5 5 5 6 15 18 26 34 46 60 74 101 120 135 147 154 161 165 170 174 172 161 151 150 145 131 111 85 67 36 31 29 18 11 5 4 3 3 3 3 2 2 2 2 2 2 1 1 1 1 1 1 1 1 1 1 1 1 1 1 1 1 1 1 1 1 1 1 1 1 1 1 0 0 0 0 0 0 0 0 1 1 1 1 1 1 1 2
2 2 2 3 3 4 4 4 5 5 6 14 17 18 29 37 53 76 96 130 140 153 165 184 197 193 196 193 188 187 176 172 168 149 138 110 81 57 40 31 20 17 7 6 4 4 4 3 3 3 3 2 2 2 1 1 1 1 1 1 1 1 1 1 1 1 1 1 1 1 1 1 1 1 1 1 1 1 0 0 0 0 0 0 0 0 0 0 0 0 0 1 1 1 1 1
2 2 1 3 3 4 4 4 5 5 8 14 17 20 30 45 73 98 118 136 159 179 199 209 203 206 207 208 216 205 194 187 190 176 164 136 107 79 52 41 30 14 8 7 6 4 4 3 3 3 3 2 2 2 1 1 1 1 1 1 1 1 1 1 1 1 1 1 1 1 1 1 1 1 1 1 0 0 0 0 0 0 0 0 0 0 0 0 0 0 0 0 0 1 1 1
1 1 2 3 4 4 4 5 5 6 14 17 18 26 33 54 90 114 134 154 178 202 212 218 216 216 225 226 229 230 224 206 196 193 184 166 134 93 75 48 31 15 9 8 7 5 4 4 3 3 3 3 2 2 2 1 1 1 1 1 1 1 1 1 1 1 1 1 1 1 1 1 1 1 1 1 0 0 0 0 0 0 0 0 0 0 0 0 0 0 0 0 0 1 1 1
1 2 2 3 4 4 4 5 5 7 14 17 20 24 44 65 108 128 140 174 200 216 220 224 223 232 241 243 239 240 234 221 208 198 194 175 151 113 92 68 33 18 11 9 7 6 5 4 4 3 3 3 2 2 2 2 1 1 1 1 1 1 1 1 1 1 1 1 1 1 1 1 1 1 1 1 0 0 0 0 0 0 0 0 0 0 0 0 0 0 0 0 1 1 1 2
1 2 3 3 4 4 5 5 5 7 15 17 20 26 50 75 124 136 156 185 209 220 221 225 233 241 244 249 249 249 240 228 220 200 197 181 161 120 102 78 46 20 13 11 8 7 6 4 4 4 3 3 2 2 2 2 2 1 1 1 1 1 1 1 1 1 1 1 1 1 1 1 1 1 1 1 0 0 0 0 0 0 0 0 0 0 0 0 0 0 0 0 1 1 1 5
2 2 2 4 4 4 5 5 6 8 15 17 20 31 55 96 132 138 163 192 213 220 224 233 241 244 248 250 250 251 248 234 224 213 198 184 162 126 108 82 55 28 16 12 10 8 6 5 4 4 3 3 3 2 2 2 2 1 1 1 1 1 1 1 1 1 1 1 1 1 1 1 1 1 1 1 1 0 0 0 0 0 0 0 0 0 0 0 0 1 0 1 1 1 1 7
2 2 2 4 4 5 5 5 6 14 16 17 24 39 66 102 127 149 170 189 213 219 224 240 242 247 249 250 250 251 249 247 234 217 199 186 160 134 113 83 55 36 18 13 11 8 7 6 4 4 4 3 3 2 2 2 2 2 1 1 1 1 1 1 1 1 1 1 1 1 1 1 1 1 1 1 1 0 0 0 0 0 0 0 0 0 1 1 1 1 1 1 1 1 1 7
2 2 2 4 4 5 5 6 7 8 15 19 24 42 71 103 126 147 175 192 213 214 231 242 246 247 248 250 250 251 251 243 237 222 200 184 156 133 112 73 58 40 28 14 11 9 8 6 5 4 4 3 3 3 2 2 2 2 1 1 1 1 1 1 1 1 1 1 1 1 1 1 1 1 1 1 1 1 1 1 0 0 0 0 0 0 1 1 1 1 1 1 1 1 2 7
2 2 2 4 4 5 5 6 6 8 16 18 26 48 72 99 125 141 175 193 207 216 234 242 246 248 249 250 249 250 248 243 239 224 197 174 155 131 104 73 55 41 35 15 12 10 8 6 5 5 4 4 3 3 3 2 2 2 1 1 1 1 1 1 1 1 1 1 1 1 1 1 1 1 1 1 1 1 1 1 1 0 0 0 0 0 1 1 1 1 1 1 1 1 5 7
2 2 2 3 4 5 5 6 7 9 16 18 31 53 70 88 121 142 171 193 204 211 234 239 245 248 249 249 249 249 248 242 238 225 192 171 154 113 98 72 57 42 35 20 12 10 8 7 5 5 4 4 3 3 3 2 2 2 1 1 1 1 2 2 2 1 1 1 1 1 1 1 1 1 1 1 1 1 1 1 1 0 0 0 0 0 0 1 1 1 1 1 1 1 3 7
2 2 2 2 4 5 5 6 7 9 16 22 31 54 66 84 112 137 168 181 204 206 226 238 240 242 248 249 248 248 247 240 233 218 189 164 131 107 101 73 54 37 36 18 12 10 8 6 5 5 4 4 3 3 3 2 2 2 2 1 2 2 2 2 2 2 2 2 1 1 1 1 1 1 1 1 1 1 1 1 1 0 0 0 0 0 0 1 1 1 1 1 1 1 1 7
2 2 2 3 3 5 6 7 8 10 11 17 29 59 64 78 96 122 155 181 196 206 223 230 234 242 242 243 243 242 239 221 216 205 169 154 119 104 90 68 52 37 36 26 13 10 9 6 5 5 4 4 3 3 3 2 2 2 2 2 2 2 2 2 2 2 2 2 2 2 2 1 1 1 1 1 1 1 1 1 1 0 0 0 0 0 0 1 1 1 1 1 1 1 1 6
2 2 2 3 3 4 6 7 8 9 11 19 29 53 64 75 88 112 142 167 190 202 215 220 222 226 235 228 226 226 212 208 202 193 165 134 110 104 87 65 48 36 36 25 13 10 8 6 5 5 4 4 4 3 3 2 2 2 2 2 2 2 2 2 2 2 2 2 2 2 2 2 2 1 1 1 1 1 1 1 1 0 0 0 0 0 0 0 1 1 1 1 1 1 1 6
2 2 2 2 3 3 5 7 8 9 11 11 29 53 62 69 78 99 125 150 172 185 208 211 219 217 216 216 215 207 201 197 193 185 151 122 104 96 82 60 43 37 36 18 14 10 8 6 5 5 4 4 3 3 3 2 2 2 2 2 2 3 3 3 3 5 3 3 3 2 2 2 2 2 2 1 1 1 1 1 1 0 0 0 0 0 0 0 1 1 1 1 1 1 1 2
2 2 2 2 3 4 5 7 7 9 9 11 18 44 60 64 74 88 111 129 148 173 193 201 206 207 209 206 200 196 194 191 189 167 135 109 98 92 73 51 37 37 33 18 11 9 7 6 5 5 4 4 3 3 3 2 2 2 2 3 3 5 5 5 5 5 6 5 5 5 3 2 2 2 2 2 1 1 1 1 1 1 0 0 0 0 0 0 0 1 1 1 1 1 1 1
2 2 2 2 3 4 5 6 7 8 8 8 12 32 54 60 67 73 89 115 133 146 183 195 198 201 201 194 192 191 190 182 172 150 120 97 92 78 60 43 38 36 33 17 11 9 6 5 5 4 4 4 3 3 3 2 2 2 3 5 5 5 6 7 7 7 7 7 7 7 6 5 3 2 2 2 2 1 1 1 1 1 0 0 0 0 0 0 0 0 1 1 1 1 1 1
1 2 2 2 3 4 5 6 7 7 7 8 10 27 36 49 58 66 79 94 111 126 150 172 187 183 189 183 182 180 176 168 154 126 98 92 83 66 48 38 37 34 24 15 10 7 6 5 4 4 4 4 3 3 3 2 3 3 5 6 7 7 7 7 7 7 7 8 7 7 7 7 7 3 2 2 2 1 1 1 1 1 0 0 0 0 0 0 0 0 0 1 1 1 1 1
1 2 2 2 3 4 5 6 7 7 7 7 8 17 29 42 49 51 59 72 90 98 113 137 147 158 166 161 165 159 157 141 129 107 87 79 66 49 38 38 34 33 16 12 8 6 5 5 4 4 4 3 3 3 3 3 3 5 6 7 7 7 7 8 8 8 8 9 9 8 8 8 7 7 3 2 2 2 1 1 1 1 1 0 0 0 0 0 0 0 0 1 1 1 1 1
1 2 2 2 3 4 5 6 7 7 7 7 7 11 22 29 40 47 49 58 65 76 90 102 123 128 141 135 139 139 127 113 100 79 75 60 48 40 37 34 32 23 13 8 6 5 5 4 4 4 3 3 3 3 2 3 5 6 7 7 7 8 8 8 8 9 9 9 9 9 9 9 8 8 6 2 2 2 2 1 1 1 1 1 0 0 0 0 0 0 0 1 1 1 1 1
2 2 2 2 3 4 4 6 6 7 7 7 7 8 17 22 29 40 42 48 52 63 70 72 87 104 110 108 108 103 97 86 75 63 53 42 39 34 32 31 22 13 11 6 5 5 4 4 4 3 3 3 3 3 3 3 5 6 7 7 8 8 8 8 9 9 9 9 9 9 9 9 9 8 8 4 2 2 2 1 1 1 1 1 0 0 0 0 0 0 0 1 1 1 1 1
2 2 2 2 3 3 4 5 6 6 7 7 7 7 9 17 22 26 35 41 43 46 47 58 60 74 78 75 76 75 71 55 46 37 35 34 32 31 30 21 12 10 6 5 5 4 4 4 3 3 3 3 2 2 3 5 5 6 7 8 8 8 8 9 9 9 9 9 9 9 9 9 9 8 8 7 3 2 2 2 1 1 1 1 0 0 0 0 0 1 1 1 1 1 1 1
2 2 2 2 3 3 4 5 6 6 6 7 7 7 7 9 17 22 23 26 33 34 39 41 38 37 46 52 57 45 39 34 33 32 32 29 29 21 20 11 9 6 5 4 4 4 3 3 3 3 3 2 2 2 3 5 6 6 7 8 8 8 8 9 9 9 9 9 9 9 9 9 9 8 8 7 5 3 2 2 1 1 1 1 0 0 0 1 1 1 1 1 2 2 2 2
2 2 2 3 3 3 4 5 6 6 6 7 7 7 7 7 8 15 17 23 23 24 24 28 33 27 26 26 29 29 23 22 29 20 19 20 19 11 9 8 6 5 5 4 4 3 3 3 2 2 2 2 2 2 3 5 6 6 7 8 8 8 9 9 9 9 9 9 9 9 9 9 9 8 8 7 5 3 2 2 2 1 1 1 0 0 1 1 1 1 2 2 2 3 3 3
2 2 2 3 4 4 5 5 5 6 6 7 7 7 7 7 7 9 9 15 16 16 19 23 17 17 18 16 13 12 11 11 17 11 10 10 9 8 6 5 5 4 4 4 3 3 3 3 2 2 2 2 2 2 3 5 6 7 8 8 8 8 9 9 9 9 9 9 9 9 9 9 9 8 8 8 5 3 2 2 2 1 1 1 1 1 1 1 1 2 2 3 3 3 3 3
2 2 3 4 4 4 5 5 6 6 6 7 7 7 7 7 7 7 8 9 10 10 13 19 13 12 12 11 11 11 10 8 8 9 7 6 6 5 5 5 4 4 3 3 3 3 3 2 2 2 2 2 2 2 5 5 6 7 8 8 8 8 9 9 9 9 9 9 9 9 9 9 9 8 8 7 7 3 2 2 2 1 1 1 1 1 1 2 2 2 3 3 3 4 4 4
2 3 3 3 5 5 5 5 5 6 6 7 7 7 7 7 7 7 7 9 11 11 12 13 11 11 10 10 10 10 10 9 9 7 6 5 5 5 4 4 4 3 3 3 3 3 2 2 2 2 2 2 2 2 3 6 6 7 8 8 8 8 9 9 9 9 9 9 9 9 9 9 9 8 8 7 5 4 2 2 2 1 1 1 1 1 2 2 2 3 3 3 3 4 4 4
3 3 3 4 4 5 5 6 6 6 6 7 7 7 7 7 7 7 8 10 11 11 11 11 11 10 10 10 10 10 10 9 9 8 6 5 4 4 4 3 3 3 3 3 2 2 2 2 2 2 2 2 2 2 3 5 6 7 8 8 8 8 9 9 9 9 9 9 9 9 9 9 8 8 8 7 4 3 2 2 2 1 1 1 1 1 2 2 3 3 3 3 4 4 4 4
3 3 3 4 5 5 5 6 6 6 6 6 7 7 7 7 7 8 10 10 11 11 11 11 10 10 10 10 10 9 9 9 8 8 7 5 4 4 3 3 3 3 2 2 2 2 2 2 2 2 2 2 2 2 3 5 7 7 7 8 8 8 9 9 9 9 9 9 9 9 9 9 8 8 8 7 4 3 3 2 2 1 1 1 1 2 2 2 3 3 3 3 4 4 4 4
3 3 4 4 4 5 5 6 6 6 6 6 6 6 7 7 8 10 11 11 11 11 11 10 10 10 10 9 9 9 9 9 8 8 7 7 4 3 3 3 3 2 2 2 2 2 2 2 2 2 2 2 2 2 2 5 6 7 7 8 8 8 9 9 9 9 9 9 9 9 9 9 9 8 8 7 4 3 2 2 2 2 2 2 2 2 2 3 3 3 3 4 4 4 4 6
3 4 4 4 4 5 5 5 6 6 6 6 6 6 6 7 9 12 11 11 11 11 11 10 10 10 10 10 9 9 9 8 8 8 7 7 4 3 3 2 2 2 2 2 2 2 2 2 2 2 2 2 2 2 2 3 6 7 7 8 8 8 8 9 9 9 9 9 9 9 9 9 9 8 7 5 4 3 2 2 2 2 2 2 2 2 2 3 3 3 4 4 4 4 4 9
4 4 4 4 4 4 5 5 5 6 6 6 6 6 7 7 11 12 12 11 11 11 12 10 10 10 10 10 10 9 9 8 8 8 7 7 6 3 3 2 2 2 2 2 2 2 2 2 2 2 2 2 2 2 2 2 5 7 7 8 8 8 8 9 9 9 9 9 9 9 9 9 8 8 7 5 4 3 2 2 2 2 2 2 2 2 3 3 3 4 4 4 4 4 6 15
4 4 4 4 4 4 5 5 5 5 5 5 5 6 7 8 12 12 14 12 12 13 15 12 15 12 12 10 10 10 9 8 8 8 7 7 6 3 3 2 2 2 2 2 2 2 2 2 2 2 2 2 2 2 2 2 2 7 7 7 7 8 8 8 8 8 9 9 9 9 9 8 8 7 5 5 3 3 2 2 2 2 2 2 2 2 3 3 3 4 4 4 4 4 10 15
4 4 4 4 4 4 5 5 5 5 5 6 5 6 7 9 13 15 19 17 20 21 20 20 21 20 18 15 15 10 10 9 8 8 7 7 6 3 2 2 2 2 2 2 2 2 2 2 2 2 2 2 2 2 2 2 2 2 7 7 8 8 8 8 8 8 8 8 8 8 8 8 7 5 5 4 3 3 2 2 2 2 2 2 2 2 3 3 4 4 4 4 4 5 10 24
4 4 4 4 4 4 4 5 5 5 5 5 6 7 8 12 18 20 23 23 24 27 25 24 24 24 23 23 21 15 13 9 9 8 7 7 6 4 2 2 2 2 2 2 2 2 2 2 2 2 2 2 2 2 2 2 2 2 3 6 7 7 8 8 8 8 8 8 8 8 7 7 5 5 4 3 3 2 2 2 2 1 2 2 2 2 3 3 4 4 4 4 4 5 10 25
4 4 4 4 4 4 5 5 5 5 5 6 7 8 11 18 20 26 29 28 28 29 28 28 28 27 25 24 23 21 17 13 9 8 7 7 6 5 2 2 2 2 2 2 2 2 2 2 2 2 2 2 2 2 2 2 2 2 2 3 4 6 6 7 7 7 7 7 7 7 5 5 5 4 3 3 2 2 2 2 2 1 2 2 2 2 3 3 4 4 4 4 5 6 16 26
4 4 4 4 4 4 5 5 5 5 5 6 7 11 16 19 26 29 30 29 29 29 29 29 29 29 28 27 24 23 21 17 13 9 8 7 7 3 2 2 2 2 2 2 2 2 2 2 2 2 2 2 2 2 2 2 2 2 2 2 3 3 4 4 4 7 5 5 5 5 5 4 4 4 3 2 3 3 2 2 2 2 2 2 3 2 3 3 4 4 4 4 5 9 11 26
4 4 4 4 4 5 5 5 5 6 6 6 9 16 18 24 29 30 30 29 29 29 29 29 29 29 29 29 27 24 23 22 16 12 8 8 7 4 3 2 2 2 2 2 2 2 2 2 2 2 2 2 2 2 2 2 2 2 2 2 2 2 2 3 3 3 4 3 3 3 3 3 3 3 3 3 3 3 3 3 3 3 3 3 3 3 3 3 4 4 4 5 6 6 21 27
4 4 4 4 5 5 6 6 6 6 6 8 12 19 21 27 30 30 30 29 29 29 29 29 29 29 29 29 29 27 25 22 18 15 9 8 7 4 3 3 3 2 2 2 2 2 2 2 2 2 2 2 2 2 2 2 2 2 2 2 1 1 1 2 3 3 3 3 3 3 3 3 2 3 3 3 3 3 3 3 3 3 3 3 3 4 4 4 4 4 4 5 6 6 12 27
4 4 4 5 5 5 6 6 6 7 7 9 18 20 25 27 29 30 30 29 29 29 29 29 29 29 30 30 29 29 27 24 22 15 12 8 7 4 4 3 3 3 2 2 2 2 2 2 2 2 2 2 2 2 2 2 2 2 2 2 1 1 1 1 1 2 2 3 2 2 2 2 3 3 3 3 3 3 3 3 3 3 3 3 3 3 4 4 4 4 5 5 6 7 12 27
4 4 5 5 5 5 6 6 6 6 7 10 20 21 27 28 28 30 30 29 29 29 30 30 30 30 30 30 30 30 29 25 22 16 14 8 5 4 4 3 3 3 3 2 2 2 2 2 2 2 2 2 2 2 2 2 2 2 2 2 1 1 1 1 1 1 1 2 2 2 2 3 3 3 3 3 3 3 3 3 3 3 3 3 3 3 4 4 5 5 5 6 6 7 11 21
4 5 5 5 5 5 6 6 6 6 7 13 20 21 27 28 28 30 30 30 30 30 30 30 30 30 30 30 30 30 29 27 22 16 14 7 5 4 4 4 4 3 3 2 2 2 2 2 2 2 2 2 2 2 2 2 2 2 2 1 1 1 1 1 1 1 1 1 2 2 2 3 3 3 3 3 3 3 3 3 3 3 3 3 3 3 4 4 5 5 5 6 7 7 7 21
4 4 5 5 5 5 6 5 6 6 7 15 20 22 27 28 28 28 30 30 30 30 30 30 31 30 30 31 30 30 30 29 22 17 13 6 5 5 4 4 4 4 3 3 2 2 2 2 2 2 2 2 2 2 2 2 2 2 2 1 1 1 1 1 1 1 1 1 1 2 2 3 3 3 3 3 3 3 3 3 3 3 3 3 3 3 3 4 4 4 5 6 6 7 7 11
4 4 4 5 5 5 5 5 6 6 8 17 20 25 27 27 27 28 28 29 30 30 30 31 31 31 31 31 31 30 30 29 23 18 11 8 5 5 4 4 4 4 4 3 3 2 2 2 2 2 2 2 2 2 2 2 2 2 2 1 1 1 1 1 1 1 1 1 2 2 3 3 3 3 3 3 3 3 3 3 3 3 3 3 3 3 3 3 4 4 5 5 6 6 6 6
3 3 3 4 4 5 5 5 6 6 8 14 21 23 27 27 27 27 28 28 29 29 30 31 31 31 31 30 30 30 29 28 22 12 12 8 5 5 5 4 4 4 4 4 3 2 2 2 2 2 2 2 2 2 2 2 2 2 1 1 1 1 1 1 1 1 1 1 2 2 3 3 3 3 3 3 3 3 3 3 3 3 3 3 3 3 3 3 4 4 4 5 5 5 5 6
2 2 3 3 4 4 4 5 5 6 9 13 19 20 26 26 27 27 27 27 27 27 29 30 30 30 31 30 30 29 29 25 21 12 11 6 5 5 6 4 4 4 4 4 3 3 2 2 2 2 2 2 2 2 2 2 1 1 1 1 1 1 1 1 1 1 1 2 2 2 3 3 3 3 3 3 3 3 3 3 3 3 3 3 3 3 3 3 4 4 4 4 4 5 5 8
2 2 3 3 4 4 4 4 5 6 8 13 18 20 25 26 26 27 27 27 26 27 27 28 28 28 30 28 27 27 26 24 19 12 13 7 7 6 6 6 6 6 5 4 3 3 3 2 2 2 2 2 2 2 2 1 1 1 1 1 1 1 1 1 1 1 2 2 2 2 3 3 3 3 3 3 3 3 3 3 3 3 3 3 3 3 3 3 4 4 4 8 7 8 9 9
2 2 3 3 3 3 4 4 5 6 6 12 16 19 25 26 26 26 26 26 26 26 27 27 28 28 28 28 27 26 25 24 18 13 13 8 7 7 6 6 6 6 6 6 5 3 3 3 2 2 2 2 2 2 2 1 1 1 1 1 1 1 1 1 1 1 2 2 2 2 3 3 3 3 3 3 3 3 3 3 3 3 3 3 3 3 3 4 4 7 7 9 8 9 9 9
2 2 3 3 3 3 3 4 5 5 6 11 13 18 21 25 26 26 26 26 26 26 26 27 27 27 28 27 27 26 25 23 14 14 10 8 7 7 7 7 7 7 7 6 5 5 3 3 3 2 2 2 2 2 2 1 1 1 1 1 1 1 1 1 1 1 1 2 2 2 3 3 3 3 3 3 3 3 3 3 3 3 3 3 3 3 3 4 7 7 8 8 9 10 10 10
