data/grids/anth/RDDENS.asc
NCOLS 822 
NROWS 563 
XLLCORNER -58000 
YLLCORNER 5661000 
CELLSIZE 1000 
NODATA_value -9999 
[rows 384 to 415 of 563, columns 284 to 354 of 822]
9.80000019073486 6.80000019073486 2.63000011444092 0.75 0.360000014305115 2.45000004768372 4.71000003814697 2.46000003814697 4.67000007629395 4.3600001335144 4.1399998664856 1.62999999523163 3.65000009536743 5.57000017166138 2.22000002861023 3.3199999332428 3.08999991416931 1.00999999046326 1.5 1.02999997138977 1.19000005722046 2.82999992370605 1.00999999046326 1.00999999046326 1.11000001430511 2.91000008583069 0.119999997317791 0.959999978542328 1.1599999666214 1.74000000953674 0.479999989271164 0 0.680000007152557 1 0 2.23000001907349 2.8199999332428 1.87999999523163 0.159999996423721 1 2.16000008583069 0.310000002384186 0 0 0 0 0 0 0 1.5 0 0 0 0 0 0 0 0 0 1.02999997138977 0 0 0 0.529999971389771 0.479999989271164 0 0 0 5.01000022888184 2.49000000953674 7.09000015258789
9.39000034332275 5.51000022888184 6.17999982833862 4.88000011444092 3.80999994277954 3.73000001907349 1.12999999523163 1.91999995708466 1.69000005722046 0.610000014305115 0.439999997615814 0.779999971389771 0 1.27999997138977 0.449999988079071 1.07000005245209 2.70000004768372 5.92000007629395 3.69000005722046 0.910000026226044 1.00999999046326 1.00999999046326 0 0 0 1.00999999046326 1.05999994277954 0 0 0 2.42000007629395 1.29999995231628 0.360000014305115 1.01999998092651 1 0.0399999991059303 1.64999997615814 1.53999996185303 0.870000004768372 0.180000007152557 1.02999997138977 0 0 0 0 0 0 0 0 1.02999997138977 0 0 0 0 0 0 0 0 0 1.07000005245209 0 0 0 0 1.33000004291534 0.0299999993294477 0 0 2.47000002861023 7.38000011444092 9.64000034332275
3.1800000667572 2.45000004768372 4.69999980926514 3.14000010490417 0.959999978542328 1.67999994754791 0.879999995231628 2.00999999046326 1 2.11999988555908 2.00999999046326 1 1 1.36000001430511 0.829999983310699 2.08999991416931 1.98000001907349 1.02999997138977 3.38000011444092 2.67000007629395 3.70000004768372 1.39999997615814 0 0.740000009536743 1.00999999046326 2.00999999046326 2.59999990463257 0 0 0.639999985694885 2.05999994277954 0 0 0 0 0 1.0900000333786 1.30999994277954 0.550000011920929 1.87999999523163 1.85000002384186 0 0 0 0 0 0 0 0 1.12000000476837 0 0 0 0 0 0 0 0 0 0.529999971389771 0.660000026226044 0 0 0 1.74000000953674 1.01999998092651 1.00999999046326 1.25999999046326 0.28999999165535 4.53000020980835 8.23999977111816
1.11000001430511 2.92000007629395 2.71000003814697 0.769999980926514 1.32000005245209 2.35999989509583 1 1.52999997138977 0 1.29999995231628 1.55999994277954 1.50999999046326 1.1599999666214 1 0.660000026226044 2.01999998092651 1.1599999666214 3.55999994277954 8.71000003814697 2.58999991416931 0.319999992847443 0.930000007152557 2.48000001907349 0.189999997615814 0 1.76999998092651 4.5 3.5 2.54999995231628 4.1399998664856 2.64000010490417 1.00999999046326 0.230000004172325 0 0 0 1.00999999046326 0 1.58000004291534 1.08000004291534 1.13999998569489 1.14999997615814 0 0 0 0 0 0 0 0.899999976158142 1.02999997138977 0 0 0.159999996423721 0 0 0 0 0 0 1.14999997615814 0 0 0 0.479999989271164 0.730000019073486 0 0 1.8400000333786 0 6.96999979019165
0.389999985694885 1.49000000953674 0.699999988079071 1 0 2.72000002861023 1.48000001907349 1.66999995708466 1.50999999046326 0.629999995231628 1.00999999046326 0 1.03999996185303 1.62000000476837 2.1800000667572 2.47000002861023 1.19000005722046 2.5 2.22000002861023 0.689999997615814 1.89999997615814 1.70000004768372 1.35000002384186 3.72000002861023 3.04999995231628 3.64000010490417 1.41999995708466 1.91999995708466 4.07000017166138 6.32999992370605 2.66000008583069 3.94000005722046 5.48000001907349 0.140000000596046 0 0 0.389999985694885 0.850000023841858 1 0 0 1 0 0 0 0 0 0.800000011920929 0 0 1.75 0 0 1.12000000476837 0 0 0 0 0 0.839999973773956 0.189999997615814 1.05999994277954 0.879999995231628 0 0.439999997615814 1.75 0.0199999995529652 0 0 0 1.45000004768372
0.46000000834465 1.50999999046326 1.25 1.25 1.60000002384186 0.270000010728836 2.0699999332428 0 0.0299999993294477 0 0.28999999165535 0.0399999991059303 0.970000028610229 0.709999978542328 0.899999976158142 2.08999991416931 1.46000003814697 1.55999994277954 2.1800000667572 1.08000004291534 0.180000007152557 0 1.00999999046326 0 0 0 0 1.38999998569489 5.23000001907349 8.25 3.9300000667572 0.370000004768372 0.119999997317791 3.25999999046326 2.35999989509583 1.01999998092651 3.05999994277954 6.17000007629395 1.12999999523163 0 0 1 0 0 0 0 0 1.16999995708466 0 0 2.03999996185303 0.550000011920929 0 0.140000000596046 1.87999999523163 0.709999978542328 1.01999998092651 1.01999998092651 1.01999998092651 2.03999996185303 1.01999998092651 1.88999998569489 1.12000000476837 1.0900000333786 1.00999999046326 0.389999985694885 1.12000000476837 0 0 0 0.600000023841858
1.17999994754791 2.69000005722046 0.340000003576279 2.1800000667572 0 0.660000026226044 0.720000028610229 0.970000028610229 0 0 0 1.00999999046326 0 1 0 1 0 1 1 0 0 0 1.00999999046326 0 0 0 0.889999985694885 1.8400000333786 3.0699999332428 1.86000001430511 1.98000001907349 0.689999997615814 0 1.10000002384186 0.720000028610229 2.01999998092651 1.02999997138977 0.28999999165535 4.71000003814697 4.30000019073486 0.230000004172325 1.02999997138977 0.209999993443489 0 0.629999995231628 0 0.280000001192093 0.870000004768372 1 0 1.01999998092651 0 0 0.990000009536743 0.0199999995529652 0.490000009536743 1.77999997138977 0 0 1.01999998092651 0 1.03999996185303 0 0.0599999986588955 2.16000008583069 0.790000021457672 1.48000001907349 1.02999997138977 1.00999999046326 1.00999999046326 0.129999995231628
1.25999999046326 1.20000004768372 2.33999991416931 2.60999989509583 1.41999995708466 2.00999999046326 1.27999997138977 1.03999996185303 0 0 0 0.990000009536743 0.00999999977648258 1 0 1 0 2.74000000953674 3.09999990463257 1.37999999523163 0.280000001192093 0 0.129999995231628 0 0 0 0 2.70000004768372 0 0.579999983310699 1.00999999046326 2.22000002861023 0.800000011920929 0 0.469999998807907 0 0 0.819999992847443 0.180000007152557 2.98000001907349 1.92999994754791 1.92999994754791 1.37000000476837 0 0.469999998807907 0.629999995231628 0 1.5 0.639999985694885 0 1.87000000476837 1.44000005722046 0.219999998807907 1.73000001907349 0 0 0 0 0.349999994039536 1.02999997138977 0 0.620000004768372 1.46000003814697 0.239999994635582 1.00999999046326 0.349999994039536 1.55999994277954 0 0 0 0.879999995231628
1.95000004768372 2.16000008583069 0.0599999986588955 1.63999998569489 1.30999994277954 2.32999992370605 1.63999998569489 0.939999997615814 0.5 0 0.370000004768372 1.19000005722046 1.76999998092651 2.01999998092651 1 2 1.24000000953674 1.77999997138977 5.17999982833862 2.40000009536743 0.970000028610229 0.209999993443489 1.10000002384186 1.11000001430511 1.00999999046326 1.01999998092651 1.08000004291534 1.42999994754791 1.30999994277954 0 0 1.00999999046326 0.660000026226044 0.910000026226044 0.980000019073486 0 0 4.28999996185303 0 1.89999997615814 6 2.22000002861023 0.730000019073486 0 0 1.07000005245209 3.76999998092651 1.79999995231628 0.0399999991059303 0 1.5900000333786 1.61000001430511 0.910000026226044 1 2.55999994277954 0 0.25 1.00999999046326 1.33000004291534 0.479999989271164 0.560000002384186 0 1.03999996185303 0 1.45000004768372 0 0.270000010728836 1.25999999046326 0 0 0
3.33999991416931 2.54999995231628 0 1 0 0.730000019073486 4.42000007629395 3.28999996185303 1.60000002384186 1.02999997138977 0.660000026226044 1 0 1 0 1 0.660000026226044 2.07999992370605 0.899999976158142 0 0.0799999982118607 1.72000002861023 1 0 0 0 0 1.02999997138977 1.13999998569489 1.51999998092651 1.00999999046326 1.53999996185303 0 0.560000002384186 1.37999999523163 0.230000004172325 0 0 0 0 0.0700000002980232 3.46000003814697 0 0 0 0.790000021457672 4.80999994277954 6.92999982833862 2.86999988555908 1.04999995231628 0.819999992847443 1.99000000953674 0 1.20000004768372 1.41999995708466 0 1.00999999046326 0 1.5900000333786 1.00999999046326 1.03999996185303 0 1.01999998092651 0.0500000007450581 1.69000005722046 0 0 0.0399999991059303 2.02999997138977 0.409999996423721 0
0.330000013113022 2.77999997138977 1.71000003814697 1.99000000953674 1.05999994277954 2.34999990463257 1.8400000333786 2.35999989509583 1.02999997138977 0 0 0.740000009536743 1.14999997615814 0.119999997317791 0 0.109999999403954 0 2.01999998092651 0 0 0 1.01999998092651 0.990000009536743 0 0 0 0 1.00999999046326 0 1.52999997138977 0.740000009536743 0.209999993443489 0 0 0 2.00999999046326 1.10000002384186 0.620000004768372 0 0 0 3.51999998092651 1.3400000333786 0.310000002384186 0 0.419999986886978 5.65999984741211 7.92000007629395 9.11999988555908 3.3199999332428 0.819999992847443 1.00999999046326 0.620000004768372 0 1.48000001907349 0.0199999995529652 1.82000005245209 0 1.00999999046326 7.15999984741211 2.53999996185303 11.0299997329712 7.40999984741211 2.67000007629395 1.32000005245209 0 0.600000023841858 1.00999999046326 1.12000000476837 0.699999988079071 1.00999999046326
2.01999998092651 1.85000002384186 4.01999998092651 1.61000001430511 1.24000000953674 0.610000014305115 1.04999995231628 0.400000005960464 1.33000004291534 0 0 0.0299999993294477 1.98000001907349 0.899999976158142 0 0 0 1.41999995708466 1.07000005245209 1.9099999666214 1 0.310000002384186 0.449999988079071 0 0 0 0 1 0 1.00999999046326 0 0 0 0 0 0.560000002384186 0.600000023841858 0.810000002384186 0.540000021457672 0 0 0.519999980926514 3.33999991416931 4.36999988555908 2.08999991416931 5.05999994277954 9.32999992370605 11.8999996185303 10.1499996185303 3.5699999332428 1.35000002384186 1.79999995231628 0.409999996423721 0 2.98000001907349 0.419999986886978 4.03000020980835 10 9.34000015258789 12.2799997329712 5 10.2799997329712 6.84000015258789 1.21000003814697 2.00999999046326 1.00999999046326 0.610000014305115 1.64999997615814 0.319999992847443 0 0
0.280000001192093 2.99000000953674 2.47000002861023 0.699999988079071 1.30999994277954 0.5 1.00999999046326 0 0.620000004768372 1.46000003814697 0 0 1.01999998092651 0 0 0.119999997317791 1.74000000953674 1.47000002861023 0 0.180000007152557 1.75999999046326 0.569999992847443 0 0 0 0 0 1.00999999046326 0 1.00999999046326 0 0 0 0 0 0 1.10000002384186 0 0.779999971389771 1.37999999523163 0 0 0 0.379999995231628 0.910000026226044 0 10.2700004577637 9.85000038146973 8.31999969482422 0.740000009536743 2.47000002861023 0.920000016689301 1.24000000953674 0 1.07000005245209 0.389999985694885 1.44000005722046 9.32999992370605 12.9300003051758 12.539999961853 11.3900003433228 10.3400001525879 4.82999992370605 1.83000004291534 1.44000005722046 0.970000028610229 0.370000004768372 1.00999999046326 0 0 0
0.579999983310699 1.00999999046326 2.25999999046326 2.28999996185303 1.0900000333786 1.62999999523163 0.610000014305115 1.00999999046326 1.3400000333786 2.07999992370605 1.78999996185303 1.72000002861023 0.349999994039536 0 0 0.0799999982118607 1.00999999046326 1.03999996185303 0 0 1 0.800000011920929 0.519999980926514 0 0 0 0.180000007152557 1.75999999046326 1.00999999046326 1.49000000953674 0 0 0 0 0 0 0 0 0 0.00999999977648258 1.39999997615814 0 0.349999994039536 0.280000001192093 0.349999994039536 1.07000005245209 3.88000011444092 9.98999977111816 4.46000003814697 1.21000003814697 2.11999988555908 2.67000007629395 5.30000019073486 5.28000020980835 3 1.71000003814697 4.28999996185303 9.89999961853027 10.1099996566772 9.94999980926514 13.6400003433228 7.36999988555908 5.63000011444092 3.04999995231628 2.00999999046326 1.19000005722046 0.649999976158142 2.02999997138977 1.00999999046326 1.00999999046326 1.77999997138977
0 1.19000005722046 1.00999999046326 1.00999999046326 1.00999999046326 1.3400000333786 0 0.360000014305115 0.479999989271164 2.41000008583069 1.64999997615814 1.62999999523163 1.01999998092651 1 1.07000005245209 0.579999983310699 0.0700000002980232 1.13999998569489 0 0 1 0 1.07000005245209 0.349999994039536 0.839999973773956 0 1.0900000333786 0 0 1.00999999046326 0 0 0 0 0 0 0 0 0 0 0.0199999995529652 1.08000004291534 1.08000004291534 1.32000005245209 1.25 2.82999992370605 10.2200002670288 5.53000020980835 5.03999996185303 0.560000002384186 1.73000001907349 0.829999983310699 0.0900000035762787 2.52999997138977 2.64000010490417 3.07999992370605 1.01999998092651 13.5 13.0600004196167 10.8800001144409 11.6499996185303 5.17999982833862 8.9399995803833 2.88000011444092 1.62999999523163 0.730000019073486 0 1.45000004768372 0.870000004768372 0 1
0.360000014305115 1.42999994754791 0.769999980926514 0.839999973773956 1.00999999046326 0.479999989271164 1.17999994754791 1.73000001907349 2.80999994277954 3.9300000667572 3.23000001907349 2.86999988555908 1 0.28999999165535 0 0 0 0.699999988079071 0.490000009536743 0 1 0 0 0.709999978542328 0.46000000834465 1.23000001907349 2.08999991416931 1.00999999046326 1.00999999046326 1.26999998092651 0 0 0 0 0 0 0 0 0 0 0 0 0.400000005960464 0.670000016689301 0.920000016689301 2.82999992370605 2.82999992370605 2.84999990463257 1.66999995708466 2.80999994277954 1.27999997138977 1.78999996185303 1.29999995231628 5.03000020980835 4.80000019073486 0.430000007152557 1.58000004291534 6.05999994277954 7.71000003814697 8.67000007629395 7.71999979019165 0.870000004768372 2.5699999332428 1.26999998092651 4.30999994277954 1.25 1.33000004291534 1.07000005245209 0.129999995231628 1.00999999046326 2.84999990463257
0 0.200000002980232 0.129999995231628 0 1.22000002861023 0 0.730000019073486 2.01999998092651 1 1.62999999523163 0.829999983310699 0.310000002384186 0 1.07000005245209 0 0 0 0 1.33000004291534 0 0.589999973773956 0 0 0 0 0 1.07000005245209 0 0.170000001788139 1.00999999046326 0 0 0 0.889999985694885 1.00999999046326 0.870000004768372 0 0 0 0 0 0 0.25 0 0.0799999982118607 1.94000005722046 0.990000009536743 1.04999995231628 0.689999997615814 2.34999990463257 1.24000000953674 2.07999992370605 0.829999983310699 0.409999996423721 0.550000011920929 0.540000021457672 0.910000026226044 3.97000002861023 6.76000022888184 9.85000038146973 8.36999988555908 4.51000022888184 1.00999999046326 0 1.8400000333786 3.6800000667572 0.25 1.97000002861023 1.00999999046326 1.62000000476837 2.11999988555908
0 0 0 0.00999999977648258 1.11000001430511 0 0 1.00999999046326 1.74000000953674 0.319999992847443 0 0 0 1.0900000333786 0 0 0 1.3400000333786 1.88999998569489 0.610000014305115 0 0 0 0 0.519999980926514 2.25999999046326 0.779999971389771 0 0.800000011920929 2.05999994277954 1.05999994277954 1.27999997138977 1.08000004291534 0.28999999165535 0 0.140000000596046 1.04999995231628 1.00999999046326 1.00999999046326 1.01999998092651 1.05999994277954 1.10000002384186 0.370000004768372 0 1.62000000476837 0.490000009536743 0.00999999977648258 1.98000001907349 1.97000002861023 1.37000000476837 0.629999995231628 1.28999996185303 0.330000013113022 1.19000005722046 0 2.01999998092651 0.850000023841858 0.0299999993294477 2.46000003814697 2.01999998092651 3.91000008583069 0.140000000596046 3.13000011444092 1.05999994277954 0.980000019073486 1.00999999046326 3.94000005722046 3.25999999046326 0 0 0.519999980926514
1.72000002861023 1.3400000333786 1.55999994277954 1.5 1.01999998092651 0 0 0.720000028610229 1.70000004768372 1.75999999046326 1.33000004291534 0 0.75 0.800000011920929 1.48000001907349 1.02999997138977 1.37999999523163 0.800000011920929 0 1.04999995231628 0 0 0 0.100000001490116 1.27999997138977 1.02999997138977 0 0 0.529999971389771 0.479999989271164 0 0.629999995231628 0 0 0 0 0 0 0 0 0 0 1.96000003814697 0 1.00999999046326 0 0 0.419999986886978 0.699999988079071 1.00999999046326 1.00999999046326 0.150000005960464 1.5 0.150000005960464 1.19000005722046 1.24000000953674 1.48000001907349 1.73000001907349 0.490000009536743 2.11999988555908 3.69000005722046 0 0.0199999995529652 1.05999994277954 1.05999994277954 1.00999999046326 0 4.13000011444092 4.57999992370605 0.519999980926514 0.600000023841858
0 1.57000005245209 0.709999978542328 0.529999971389771 0.340000003576279 0 0 0 1.73000001907349 0.990000009536743 0.829999983310699 2.11999988555908 1.35000002384186 1.07000005245209 1.03999996185303 0.439999997615814 1.20000004768372 0 0 1.05999994277954 0 0 0 1.00999999046326 0 1 0 0 1.00999999046326 0 0 0 0 0 0 0 0 0 1.10000002384186 1.00999999046326 0.469999998807907 0.430000007152557 1.25999999046326 1.80999994277954 1.12000000476837 0 0 1.79999995231628 1.47000002861023 1.12000000476837 1.00999999046326 0 1.00999999046326 0 0.379999995231628 1.9099999666214 0 0 1.00999999046326 0 1 2.70000004768372 2.99000000953674 2.40000009536743 0.319999992847443 1.48000001907349 0 1 1.85000002384186 2.64000010490417 4.25
0 0.579999983310699 0.5 0 0 0 0 0.239999994635582 2.40000009536743 0.230000004172325 0 2.00999999046326 0 0 1.78999996185303 1.17999994754791 0.699999988079071 0 0 0.209999993443489 1.17999994754791 0.620000004768372 0 1.46000003814697 0 1.04999995231628 0 0 1.11000001430511 0.75 0 0 0 0 0 0.660000026226044 1.28999996185303 1.19000005722046 0.589999973773956 0 0.579999983310699 0.709999978542328 0 0 1.95000004768372 1.05999994277954 1.49000000953674 0.699999988079071 0.620000004768372 0.389999985694885 1.52999997138977 1.03999996185303 2.02999997138977 1.00999999046326 1.00999999046326 1.07000005245209 1.00999999046326 1.13999998569489 1.94000005722046 1.54999995231628 1.75 2.65000009536743 2.53999996185303 2.38000011444092 1 2 1 1.10000002384186 2.01999998092651 1.00999999046326 1.03999996185303
0.319999992847443 0 1.35000002384186 0 0 0 0 1 0.0399999991059303 1.33000004291534 1.10000002384186 3 0.439999997615814 0 1.88999998569489 0.689999997615814 0 0 0 0 0 1.22000002861023 0 1.07000005245209 1.00999999046326 1.23000001907349 1.00999999046326 1.00999999046326 1.21000003814697 2.00999999046326 1 0 0 0 0.46000000834465 0.800000011920929 0 0 0 0 0 0 0 0.550000011920929 0.46000000834465 0 0 1.01999998092651 2.10999989509583 1.03999996185303 0.46000000834465 0 0.930000007152557 0 0 0 0 1.00999999046326 0 1.00999999046326 0 0 0 1.00999999046326 0 1.80999994277954 0 0 1 0 0
1.03999996185303 0 0.360000014305115 1.3400000333786 0 0 0 1 0 1.13999998569489 0.270000010728836 1.63999998569489 0.370000004768372 0.479999989271164 0.610000014305115 0 0 0 0 0 0 0.579999983310699 1.05999994277954 2.14000010490417 0 0 0 0 0 1.00999999046326 1.55999994277954 1.16999995708466 0.860000014305115 1.03999996185303 0.790000021457672 0 0 0 0 0 0 0 0 1.00999999046326 0 0 0.0900000035762787 1.00999999046326 1.16999995708466 0 0 0 0 0 0 0 0 1.00999999046326 0 1.00999999046326 0 0 0 1 0 1 0.0799999982118607 0 1 0 0
0.899999976158142 0 0 1 0 0 0 0.689999997615814 0.310000002384186 0 1.27999997138977 0.519999980926514 1.49000000953674 1.0900000333786 0 0 0 0.819999992847443 0.540000021457672 0.109999999403954 0 0 0 1.07000005245209 0 0 0 0 0.790000021457672 0.219999998807907 0 1.00999999046326 0.150000005960464 0.170000001788139 0 0 0 0 0 0 0 0 0 1.00999999046326 0 0 0 0 1.86000001430511 1.00999999046326 0.330000013113022 0 0 0 0 0 0 0.550000011920929 0 1.02999997138977 0.180000007152557 0 0 1.00999999046326 0.920000016689301 0.0900000035762787 1 0 1 0 0
0 0 0 0.509999990463257 0.920000016689301 0.00999999977648258 1.08000004291534 1.00999999046326 1.01999998092651 0 0.0799999982118607 1.26999998092651 2.25 1.11000001430511 0 0.330000013113022 1.00999999046326 1.04999995231628 1.89999997615814 0.740000009536743 0 0 0.370000004768372 0.699999988079071 0 0 0 0 1.10000002384186 1.47000002861023 1.02999997138977 1.14999997615814 0 0 0 0 0 0 0 0 0 0 0 1.00999999046326 0 0 0 0.850000023841858 2.34999990463257 2.1800000667572 1.0900000333786 1.02999997138977 1.00999999046326 0.490000009536743 0 0 0 0.660000026226044 2.05999994277954 1.07000005245209 1.01999998092651 0 0 1.00999999046326 1.00999999046326 0 1.54999995231628 1.00999999046326 1.10000002384186 0.610000014305115 0
0 0 0 0 0.819999992847443 1.05999994277954 0 0 1 0 0.170000001788139 1.27999997138977 3.46000003814697 1.19000005722046 1.03999996185303 1.12999999523163 0 0 2.14000010490417 1.86000001430511 1.70000004768372 1.00999999046326 1.32000005245209 0 0 0 0 0 1.00999999046326 0 0 1.57000005245209 0 0 0 0 0 0 0 0.579999983310699 0 0 0 1.51999998092651 0.649999976158142 0 0.740000009536743 0.620000004768372 1.00999999046326 0 1.04999995231628 1.10000002384186 0 0 0 0 0 1.21000003814697 8.67000007629395 4.92999982833862 2.63000011444092 0.330000013113022 1.02999997138977 1.75 2.00999999046326 0.25 2.78999996185303 0.300000011920929 0.709999978542328 1 0.0500000007450581
0 0 0 0 0 0 0 0 2.21000003814697 1 0.870000004768372 0 1.00999999046326 0 0 0 0 0 1.14999997615814 0.419999986886978 0.519999980926514 0 0 0 0 0 0 0 1.04999995231628 0 0.5 1.48000001907349 0.579999983310699 0 0 0 0 0 0 1.00999999046326 0.150000005960464 0 0 1.12000000476837 0.360000014305115 1.62000000476837 1.71000003814697 1.00999999046326 1.39999997615814 0 0 0.0299999993294477 1.17999994754791 0.660000026226044 0 0 0 0 0.740000009536743 0.980000019073486 0.389999985694885 1.00999999046326 0 0 1.00999999046326 0.759999990463257 2.4300000667572 2.00999999046326 1.00999999046326 2.00999999046326 1.00999999046326
0 0 0 0 0 0 0 0 1 0 0 0 1.07000005245209 0 0 0 0 1.14999997615814 0.140000000596046 0 0 0 0 0 0 0 0 0.119999997317791 1 0.280000001192093 1.3400000333786 0 1.44000005722046 0.0900000035762787 0 0 0.790000021457672 1.00999999046326 1.00999999046326 2.01999998092651 1.8400000333786 0.25 1.27999997138977 0.759999990463257 0 1.08000004291534 0 0 1.00999999046326 0 0 0 0 0.519999980926514 1.19000005722046 0.129999995231628 0 0 0 0 0 1.36000001430511 1.00999999046326 1.00999999046326 2.00999999046326 1.00999999046326 2.1800000667572 2.17000007629395 1.42999994754791 1.48000001907349 0
0 0.0799999982118607 0 0 0.779999971389771 1 1 1.00999999046326 1.50999999046326 0 0.280000001192093 1 1.17999994754791 1.69000005722046 0 0 0.469999998807907 0.629999995231628 0 0 0 0 0 0 0 0 0 1.47000002861023 0 0.509999990463257 0 0 0.219999998807907 0.270000010728836 0 0 0 0 0 1.00999999046326 0.100000001490116 1.80999994277954 0 0 0.310000002384186 0.730000019073486 0 0 1.00999999046326 0 0 0 0 0 0 1.01999998092651 0.920000016689301 0 0 0 0.389999985694885 1.00999999046326 0 0 0.200000002980232 0.270000010728836 1.75 1.00999999046326 0.589999973773956 2.00999999046326 1.75999999046326
1.00999999046326 1.10000002384186 0 0.239999994635582 1.57000005245209 0 0 0 1.10000002384186 1 0.720000028610229 0 0 0.560000002384186 0.589999973773956 0 1 0 0 0 0 0.46000000834465 0.430000007152557 1.12000000476837 1.12000000476837 1.00999999046326 1.02999997138977 1.41999995708466 0.449999988079071 0 0 0 0 0 0 0.28999999165535 0 0 0 1.00999999046326 0 1.5 0.610000014305115 0 1.03999996185303 0 0 0.349999994039536 0.660000026226044 0 0 0 0 0 0 0 0.340000003576279 1.07000005245209 0 0 1.33000004291534 0 0 0 0 1.08000004291534 1.45000004768372 1.54999995231628 2.34999990463257 4.80999994277954 3.13000011444092
0.0199999995529652 0 0 0 1.00999999046326 0 0 0 0.25 1.75 1 1 1.00999999046326 1.00999999046326 1.52999997138977 0 1 0 0 0 1.25 0.550000011920929 0.579999983310699 0.0900000035762787 0 0 0 0 0.740000009536743 1.10000002384186 0.310000002384186 0 0 0 0 1.22000002861023 1.01999998092651 1.00999999046326 1.66999995708466 1.36000001430511 1.11000001430511 1.38999998569489 0.400000005960464 1.00999999046326 2.03999996185303 1.00999999046326 1.00999999046326 1.51999998092651 0 0.189999997615814 0 0 0 0 0 0 0 0.349999994039536 1.1599999666214 1.57000005245209 0.0500000007450581 0 0 0 1.0900000333786 1.99000000953674 0 10.1400003433228 9.42000007629395 14.8299999237061 16.3099994659424
1.22000002861023 0 0 0 1.02999997138977 0 0 0 0 1 0 0 0 0 0.449999988079071 1.23000001907349 1.75 1.03999996185303 1.17999994754791 1 0.579999983310699 0 0 0 0 0 0 0 0 0 1.03999996185303 0 0 0 0.589999973773956 0.589999973773956 0 0 0.930000007152557 0 0 1.00999999046326 0 0 1.02999997138977 0 0 0 0 1.00999999046326 0 0 0 0 0 0 0 0 0 0.730000019073486 1.14999997615814 0.349999994039536 0 0.0700000002980232 0.779999971389771 1.03999996185303 1.00999999046326 8.14000034332275 15.6899995803833 12.8500003814697 9.11999988555908
