data/grids/anth/RDDENS.asc
NCOLS 822 
NROWS 563 
XLLCORNER -58000 
YLLCORNER 5661000 
CELLSIZE 1000 
NODATA_value -9999 
[rows 256 to 287 of 563, columns 71 to 141 of 822]
1.01999998092651 0 0 0.270000010728836 0 1 0 1.0900000333786 0 0 1.23000001907349 1.48000001907349 0.529999971389771 0 0.370000004768372 0 1.72000002861023 1 1.32000005245209 0 1.6599999666214 1 1.95000004768372 0.239999994635582 0 0 0 1.73000001907349 1.29999995231628 1 1 0.25 0.560000002384186 0 0 0 1.71000003814697 1.36000001430511 0 1.01999998092651 0 0 0 0 0 1.00999999046326 0 2.25999999046326 1.27999997138977 1 1 2.01999998092651 1 1.27999997138977 0 1.02999997138977 0 0.620000004768372 1.99000000953674 0 1 0 0 1 1 0 0.159999996423721 0.839999973773956 1.03999996185303 0 1
0.839999973773956 0 0 0.25 1 2.03999996185303 5.80999994277954 3.64000010490417 1.10000002384186 0.519999980926514 1.1599999666214 0 0 0 0 0 1 0 1 0 1 0 0 0.759999990463257 1 2.01999998092651 1 1.39999997615814 0 0 0 0 0.129999995231628 1 1 1 1.91999995708466 1.12999999523163 0 1.01999998092651 0 0 0 0 0 1.87000000476837 2.09999990463257 1.57000005245209 1 0 0 1 0 1 0 0.360000014305115 1.5 0.689999997615814 1 0 1.05999994277954 1.28999996185303 1.01999998092651 2 1.49000000953674 1 1.46000003814697 1.58000004291534 2 1 2.00999999046326
2 1.98000001907349 1.00999999046326 1.00999999046326 1.00999999046326 6.26999998092651 11.6400003433228 7.53000020980835 5.03000020980835 2.91000008583069 1 1 1.00999999046326 1.05999994277954 0.699999988079071 0 1 0 1 0 1 0 0 0 0 0.180000007152557 1.00999999046326 1.33000004291534 0.400000005960464 0 0 0 0 0 0 0 1.12000000476837 1.19000005722046 0 0.939999997615814 0.529999971389771 0 0 0.159999996423721 1 2.53999996185303 1.85000002384186 2.02999997138977 2 1 1 1.4099999666214 0 1 0 1.12999999523163 2.4300000667572 1 2 1 2.08999991416931 1 0 1 0 0 1.05999994277954 0.280000001192093 1.95000004768372 0 1
0 0 0 0 0 2.50999999046326 1.48000001907349 0 0 1 0 0 0 0 0.360000014305115 1.07000005245209 2.04999995231628 0.579999983310699 1 0 1.83000004291534 0.5 0.159999996423721 0.839999973773956 0 0 0.829999983310699 1.37999999523163 0 0 0 0 0.870000004768372 1 1.01999998092651 1.25999999046326 2.42000007629395 0.140000000596046 0 1.99000000953674 3.14000010490417 1.10000002384186 1 0.839999973773956 0.140000000596046 1.75999999046326 1 1 1.04999995231628 0 0 1 0 1.27999997138977 2.21000003814697 1.22000002861023 2 1 2 1 1.17999994754791 1.85000002384186 1.25999999046326 2.02999997138977 1 1 2 0.720000028610229 1.12000000476837 1 1.17999994754791
0.0399999991059303 0 0 0 0.959999978542328 1.37000000476837 1.60000002384186 0 0 1 0 0 0 0 0 0.449999988079071 0.550000011920929 0.469999998807907 1.24000000953674 3.10999989509583 1.30999994277954 0 0 0 0 0 0 2.60999989509583 1.13999998569489 0 0 0 0 0 0 2.02999997138977 2.14000010490417 1.10000002384186 1.4099999666214 1.63999998569489 0.819999992847443 1.25 1 1 3 1 1.24000000953674 1 1 0 0 1 0.259999990463257 2.28999996185303 1 0 0.270000010728836 1.66999995708466 2 1 1 1 2.02999997138977 1.05999994277954 1.10000002384186 0 1 0 1 0 0
1 0 0.839999973773956 1.70000004768372 0.319999992847443 0 1 0 0 1.05999994277954 0 0 0 0 0 1 0 0 0 3.82999992370605 2.53999996185303 1 1.87000000476837 1.01999998092651 1 1 1.58000004291534 2.50999999046326 1.94000005722046 0.239999994635582 0.409999996423721 1.37999999523163 0.0500000007450581 0 0 2.63000011444092 0.939999997615814 0.200000002980232 0 0 1.00999999046326 0 0 0.980000019073486 1.85000002384186 1 2.01999998092651 1.86000001430511 1.82000005245209 1.20000004768372 1 2.5 2.04999995231628 2 1.46000003814697 1.5900000333786 1 1.07000005245209 1 0 0 0 1 0 1.87999999523163 1.02999997138977 1.42999994754791 1 1.99000000953674 1 1
2.09999990463257 1.0900000333786 0.25 1 0 0 1 0 0 1.36000001430511 1 0.759999990463257 0 0 0 1 0 0 0 0.810000002384186 1 0.680000007152557 0.319999992847443 0 0 0 1 0 0.949999988079071 0.800000011920929 1.00999999046326 1.00999999046326 2.14000010490417 0.159999996423721 0 2.28999996185303 1 2.24000000953674 1 1 2.00999999046326 1 1 2.14000010490417 1.37999999523163 0 1 0 0 1 0.730000019073486 1.82000005245209 0 1 0 1.35000002384186 1 2.07999992370605 2 1 1 1.00999999046326 1.96000003814697 1 1.41999995708466 0 0 0 1.04999995231628 0 0
1 0 0 1 0 0 1 0 0 0.569999992847443 0.5 0.430000007152557 0 0 0 1 0 0 0 0 1 0.370000004768372 0.819999992847443 0 0 0.449999988079071 0.579999983310699 0 0 0 0 0 1 1.08000004291534 0.610000014305115 1.58000004291534 0.610000014305115 0.28999999165535 1.54999995231628 1 1.11000001430511 0 0.469999998807907 2.02999997138977 2 1.00999999046326 1.72000002861023 0 0 1.97000002861023 0.579999983310699 1 0 1.6599999666214 1 2 1 1.37000000476837 1 0 0 0.209999993443489 2 1 2.00999999046326 1 1 1.54999995231628 1.49000000953674 0 0
0.490000009536743 0 0 1.62999999523163 1 1 1.47000002861023 0 0 0.910000026226044 2.01999998092651 1 1 1 0.829999983310699 1 0 0 0 0.649999976158142 0.349999994039536 0 0.379999995231628 0 0 0.0599999986588955 2.14000010490417 1 0.0199999995529652 0 0 0 0.00999999977648258 0 0.699999988079071 3.5 0.949999988079071 0 1 0 1 0.0500000007450581 1.20000004768372 0.620000004768372 1.46000003814697 0 1 0 1.20000004768372 1.33000004291534 0 1.25 1 2.00999999046326 1 2 1 1.5 2.01999998092651 1 1.92999994754791 0.790000021457672 1 0 1 0 0.670000016689301 0.0500000007450581 2.00999999046326 1 1.78999996185303
0 0 0 0.100000001490116 0 0 1 0 0 0 1 0 0 0 0 1 0 0 0 1.07000005245209 1 1 1 1 1 1.62999999523163 1.5 2.0699999332428 1 1 0.400000005960464 0 0 0 0 0.920000016689301 2.60999989509583 1.11000001430511 2.07999992370605 1 2 2.09999990463257 1.00999999046326 2.0699999332428 2 1 2.13000011444092 1.76999998092651 0.109999999403954 1 0 1 0 1 0 1 0 0 1 0 1 0 1.85000002384186 1 1.75 0 1 0 1.25 1.00999999046326 2
1 0.589999973773956 0 0.800000011920929 0 0 1 0 0 0 1 0 0 0 0 1 0 0 0 1.19000005722046 0.0500000007450581 0 0 0 0 0 1 0.560000002384186 0.509999990463257 0 0.600000023841858 1 1 1.80999994277954 1 1.5900000333786 0.949999988079071 1.71000003814697 2.76999998092651 1.82000005245209 1.13999998569489 1 0 1 0.159999996423721 1.64999997615814 2.04999995231628 0 0 1 0.839999973773956 2 1 2 1.00999999046326 1.47000002861023 0 0 1 0 1 0 1 0 1 0 1.75999999046326 1 2.73000001907349 0.680000007152557 1.89999997615814
0 0 0 0.920000016689301 2.05999994277954 1.25 2 1 1.70000004768372 1 1.66999995708466 0 0 0.920000016689301 0 1.19000005722046 0.800000011920929 0 0.189999997615814 1.20000004768372 0.949999988079071 1.88999998569489 1 1 0 0 0.449999988079071 0 0 0 0 0 0.490000009536743 1.92999994754791 0.949999988079071 0.200000002980232 0 0 0.569999992847443 1.61000001430511 3.72000002861023 1.52999997138977 0 1 1.25 2.63000011444092 1.57000005245209 1.78999996185303 1.00999999046326 2 0.159999996423721 1 0 1 0 0.819999992847443 1.75 1 2 1.00999999046326 1.26999998092651 1.76999998092651 1.21000003814697 1.86000001430511 2 1 1.24000000953674 0 1 1.37000000476837 2.77999997138977
0 0 0 0 1 0.829999983310699 1.20000004768372 0 0.259999990463257 0 1.67999994754791 1 1 1.25999999046326 1.44000005722046 2.83999991416931 1.02999997138977 1.19000005722046 1.12999999523163 0 0 1.4099999666214 0.730000019073486 1 0 0 0 0 0 0 0 0 1 0.0199999995529652 1.51999998092651 0 0 0 0.810000002384186 0.490000009536743 4.46000003814697 3.22000002861023 1.47000002861023 2.34999990463257 0.509999990463257 0 0 1 0 1 0 1 0 1.83000004291534 1 1 1.0900000333786 0 1.01999998092651 1.08000004291534 1 2.01999998092651 1 2 2 1 2 1 1.21000003814697 1 1
1 1.62000000476837 1.53999996185303 1 2 1.00999999046326 2.48000001907349 1 0.699999988079071 0.779999971389771 0.219999998807907 0 0 0 0.980000019073486 1 0 0 0.430000007152557 0 0 0 0.270000010728836 0.100000001490116 0 0 0 0 0 0 0 0 1.32000005245209 1 1.96000003814697 1 1 1.03999996185303 1.41999995708466 2.49000000953674 4.80999994277954 9.59000015258789 2.98000001907349 2.73000001907349 0.689999997615814 1.21000003814697 1 2 1 2 1 1.23000001907349 1.76999998092651 1.17999994754791 0 0 1.88999998569489 1 1.88999998569489 0 0 1 0 1 1 0 1 0 1.79999995231628 1.35000002384186 1.99000000953674
0 1 0.930000007152557 0 1 0 1 0 1.07000005245209 0.330000013113022 1.12000000476837 0.769999980926514 0 0 0 1 0 0 1 0.319999992847443 1.17999994754791 0 0 0 0 0 0 0 0 0 0 0 1.01999998092651 1.28999996185303 1.00999999046326 0 0 0 0.25 1.53999996185303 1.99000000953674 9.17000007629395 7.21999979019165 1.85000002384186 1.80999994277954 0.310000002384186 0 1 0 1 0 0 1.01999998092651 1.99000000953674 1 1.13999998569489 1.8400000333786 1 2.00999999046326 1 1.38999998569489 1.60000002384186 1 1.99000000953674 1.96000003814697 1.03999996185303 2 1 2.0699999332428 1 1.19000005722046
0 1 0 0.230000004172325 1.23000001907349 0.899999976158142 0.589999973773956 0.569999992847443 1 0 0 0.469999998807907 1.25999999046326 2.26999998092651 1.03999996185303 1.23000001907349 0 0 1 0.540000021457672 0.540000021457672 0 0 0 0 0 0 0 0.109999999403954 0 0 0.519999980926514 1.17999994754791 0 0.949999988079071 1.00999999046326 1 0.170000001788139 0.28999999165535 0 0 1.70000004768372 1.04999995231628 2.97000002861023 0.920000016689301 2.75999999046326 1.82000005245209 2 1 2 1 1 2 1 0 1 0 0 1 0 1 0 0 1 0.319999992847443 1.0900000333786 1.29999995231628 1 2.00999999046326 1 1
0 0.0599999986588955 0 0.0199999995529652 0 0 0 1.50999999046326 1.64999997615814 1.88999998569489 1 1.26999998092651 1.64999997615814 1.19000005722046 0.119999997317791 1.00999999046326 0 0 1.00999999046326 0 1.02999997138977 0 0 0 0 0 0 0 1.00999999046326 0 1.44000005722046 0.920000016689301 0 0 0 0 0 0.920000016689301 1.01999998092651 1.72000002861023 1.04999995231628 2.99000000953674 2.28999996185303 2.32999992370605 3.28999996185303 3.13000011444092 1.02999997138977 2.01999998092651 0 1 0 0 1 1.03999996185303 0 1 0 0 1 0 1 0 0 1.8400000333786 1.70000004768372 1.08000004291534 1.70000004768372 0 1 0 0.699999988079071
0 0 0 0 0 0 0 2.00999999046326 0 1 0 1.12999999523163 0 0 1.1599999666214 1 0 0.689999997615814 0.310000002384186 0 0.959999978542328 0 0 0 0 0 0 0 1.23000001907349 1.20000004768372 1.07000005245209 0 0 0 0 0 0 0 0 1.00999999046326 1.5900000333786 0.75 2.14000010490417 0.230000004172325 3.26999998092651 2.92000007629395 2.09999990463257 2.27999997138977 1 1.96000003814697 1 1 2.01999998092651 1.16999995708466 1.86000001430511 2 1 1 2.00999999046326 1 2 1 1 0.689999997615814 1.6599999666214 0 1 0.419999986886978 1.76999998092651 1.16999995708466 2.51999998092651
1 0.980000019073486 0 0 0 0.939999997615814 1 3.00999999046326 2.0699999332428 2.24000000953674 0 0.379999995231628 0.670000016689301 0 1.25 0.779999971389771 0 1 0 0 0 0 0 0 0 0 0 0 0 1.20000004768372 0 0 0 0 0 0 0 0 0 1.54999995231628 1.47000002861023 0.300000011920929 0 0 1.37000000476837 1.58000004291534 2 0.449999988079071 0.569999992847443 1 0 0 1 0 1 1 0 0 1.00999999046326 0 1 0 0 1 0.600000023841858 1.63999998569489 1.27999997138977 1.82000005245209 0 1.45000004768372 1.08000004291534
0 0.340000003576279 0 0 0 0 0 2.00999999046326 0 1.52999997138977 1.08000004291534 1.46000003814697 0.150000005960464 0 0.0399999991059303 1 2.04999995231628 1.10000002384186 0 0 0 0 0 0 0 0 0 0 0 1.04999995231628 0 0 0 0 0 0 0 0 0 0 0.959999978542328 0.509999990463257 0 0 0 0 0.949999988079071 1.03999996185303 3.82999992370605 2.8199999332428 1.00999999046326 1 1.55999994277954 1 1.49000000953674 1.29999995231628 1.6599999666214 1 2.00999999046326 1 1.89999997615814 0 0 1 0 1 0 1 0.899999976158142 1.33000004291534 0.119999997317791
0 0 0 0 0.0299999993294477 0 0.330000013113022 1.71000003814697 0 1 0 0.829999983310699 1.20000004768372 1.04999995231628 0.550000011920929 0 0.28999999165535 1.01999998092651 0 0 0 0 0 0 0 0 0 0 0 0.0500000007450581 1.20000004768372 0 0 0 0 0 0 0 0 0 0 0.579999983310699 0 0 0 0 0 0 0.469999998807907 1.5 1.42999994754791 0 0 0 0 0 0 0 1.00999999046326 0.959999978542328 2.00999999046326 1 1 1.07000005245209 1.94000005722046 1.29999995231628 1 1.60000002384186 1.96000003814697 2 1
0 0 0 0.319999992847443 0.769999980926514 0 1.00999999046326 1.00999999046326 0 1 0 0 0 0 0.529999971389771 1.02999997138977 1.12000000476837 1.73000001907349 1.42999994754791 0 0 0 0 0 0 0 0 0 0 0.569999992847443 2.10999989509583 0 0 0 0 0 0 0 0 0 0 0 0 0 0 0.140000000596046 0.620000004768372 0 0 1.00999999046326 0 0 0 0.879999995231628 1 1 0.779999971389771 0 1.74000000953674 0.0799999982118607 1 0 0 0 1.49000000953674 1 1 2.28999996185303 1.10000002384186 2 1.44000005722046
1.0900000333786 1.0900000333786 0.0299999993294477 1.05999994277954 0 0 1 1.02999997138977 0 1 0 0 0 0 0 0.509999990463257 1.13999998569489 0 0.519999980926514 1.13999998569489 0 0 0 0 0 0 0 0 1.44000005722046 0.469999998807907 0.330000013113022 1.00999999046326 1.00999999046326 1.25 0 0 0 0 0 0 0 0 0 0 0 0 0 0.550000011920929 1 2.04999995231628 1 1 0.159999996423721 0 0 0 1 0 1.85000002384186 1 1.87999999523163 0 0 0 1.4099999666214 0 1 0.119999997317791 1 1 0.519999980926514
0 0 1.11000001430511 2.13000011444092 0.910000026226044 0 1.00999999046326 1.00999999046326 0 1.00999999046326 0 0 0 0 0.119999997317791 1.13999998569489 0 0 0 0.0900000035762787 1.1599999666214 1.33000004291534 1.03999996185303 1.03999996185303 1.02999997138977 0.769999980926514 0 1.10000002384186 0 0 0 0 0 0.620000004768372 0.490000009536743 0 0 0 0 0 0 0 0 0 0 0 0 0 0 1.00999999046326 0 0 0 0.610000014305115 0.479999989271164 0 1.21000003814697 1 1.35000002384186 0 1 0.150000005960464 1.01999998092651 1 2 1 2.54999995231628 1 2 2.01999998092651 1
0 0 0.159999996423721 0.910000026226044 0.219999998807907 1.01999998092651 1.11000001430511 2.01999998092651 1 2.02999997138977 1.00999999046326 1.01999998092651 1.02999997138977 1.00999999046326 1.70000004768372 0 0 0 0 0 0.430000007152557 0.709999978542328 0 0 0 0.589999973773956 1.1599999666214 1.37999999523163 0 0 0 0 0 0 1.05999994277954 0.409999996423721 0 0 0 0 0 0 0 0 0 0 0 0 0 1 0 0 0 0.200000002980232 2.33999991416931 0 0 0 1 0 0.479999989271164 1.42999994754791 0 0 1 0.920000016689301 1.19000005722046 0 1 1 0
0 0.379999995231628 2.07999992370605 1.07000005245209 0.5 0 0 1.00999999046326 0 1.07000005245209 0 0 0 0 1.05999994277954 0 0 0 0 0 1.0900000333786 0 0 0 0 0 0 1.10000002384186 0 0 0 0 0 0 0 1.02999997138977 0.939999997615814 0 0 0 0.259999990463257 1.17999994754791 1 1.27999997138977 1.07000005245209 0 0 0.779999971389771 1.54999995231628 1.28999996185303 0 0 0 0 0.370000004768372 1.25 0 0.230000004172325 0.779999971389771 0 0 1 0 0 1 1.97000002861023 2 1 2 1.76999998092651 1.25999999046326
1.13999998569489 0.819999992847443 1.07000005245209 0 0.519999980926514 1.77999997138977 0.550000011920929 2.0699999332428 0 0.560000002384186 0.5 0 0 0 1.00999999046326 0 0 0 0 0 1.08000004291534 0 0 0 0 0 1.22000002861023 0.140000000596046 0 0 0 0 0 0 0 0 1.05999994277954 2.0699999332428 0.730000019073486 0 0 1.11000001430511 1.00999999046326 1.30999994277954 1 0 0 0 0 1.98000001907349 1.67999994754791 0 0 0 0.319999992847443 0.479999989271164 1.03999996185303 1 0 0 0 1 0 0 1.60000002384186 0.449999988079071 1 0 1 0 1
0 0.180000007152557 0.889999985694885 0 0 0.610000014305115 0.990000009536743 0.219999998807907 0.879999995231628 0 1.08000004291534 0 0 0 1.00999999046326 0 0 0 0 0 1.05999994277954 0 0 0 0 0 1.05999994277954 0 0 0.579999983310699 0 0 0 0 0 1.07000005245209 0.889999985694885 0.600000023841858 0 1.02999997138977 0.259999990463257 1.22000002861023 0 0.730000019073486 2 1 1.89999997615814 1 1.39999997615814 1.91999995708466 2.39000010490417 0 0 0 1 0 0.300000011920929 1.96000003814697 0 0.790000021457672 1 2 1 1 3.17000007629395 1.41999995708466 2 1 1.42999994754791 1.04999995231628 2.00999999046326
0 1.04999995231628 0 0 0 0 0 0 1.00999999046326 0 1.03999996185303 0 0 0 1.00999999046326 0 0 0 0 0 1.03999996185303 0 0 0 0 0 0.790000021457672 0.230000004172325 0 3.05999994277954 2.00999999046326 2.07999992370605 2.00999999046326 2.00999999046326 2.91000008583069 1.25 1.94000005722046 0 0 1.20000004768372 0 0 0 0 1 1.05999994277954 0.129999995231628 0 0 2.26999998092651 3.74000000953674 0 0.779999971389771 1 1.69000005722046 0 0 1.87999999523163 0.310000002384186 1 0 1 0 0 1.29999995231628 1 1 0.889999985694885 1.37999999523163 0 1.73000001907349
1.42999994754791 2.05999994277954 1 1.23000001907349 1 1 1 1 1.42999994754791 0 1.00999999046326 0 0 0 1.01999998092651 0 0 0 0 0 0.720000028610229 0.310000002384186 0 0 0 0 0 1.02999997138977 0 2.00999999046326 0 0 0 0 1 0 1 0 0 1.08000004291534 0 0 0 0 1.8400000333786 0.550000011920929 0 0 0 0.180000007152557 1.20000004768372 1 0.230000004172325 0 1 0 0 1.00999999046326 1.23000001907349 1 0.970000028610229 2 1 1 1.85000002384186 1.20000004768372 3.00999999046326 1.27999997138977 1.45000004768372 1.51999998092651 1.47000002861023
1.17999994754791 1.02999997138977 0.0700000002980232 1.26999998092651 0 0 0 0 1.55999994277954 1.01999998092651 1.66999995708466 0 0 0.259999990463257 0.990000009536743 0 0 0 0 0 0 1.03999996185303 0 0 1.61000001430511 1 0.649999976158142 1.73000001907349 1.00999999046326 1.47000002861023 0 0 0 0 1.49000000953674 0.839999973773956 1.83000004291534 0 0 1.0900000333786 0 0 0 0.589999973773956 1.75 1 1 1 1 1 1.94000005722046 0 0 0.259999990463257 1.47000002861023 1 1 1.1599999666214 2.00999999046326 3.01999998092651 0.0299999993294477 1 0 1.10000002384186 1.23000001907349 0.649999976158142 1 0 1 1 0
1.62999999523163 0.550000011920929 1.21000003814697 0 0 0 0 0 1.54999995231628 1.00999999046326 1.38999998569489 0 0 1.10000002384186 0 0 0 0 0 0 0 1.12000000476837 0.00999999977648258 2.73000001907349 1.17999994754791 0 0.360000014305115 1.41999995708466 0 0 0 0 0 0 1 0 0 0 1.33000004291534 0.980000019073486 0.209999993443489 0 0.400000005960464 0.930000007152557 0.230000004172325 0.769999980926514 0 0 0 0 0.00999999977648258 1.55999994277954 0 0 0 0 0 0 1.9099999666214 2.84999990463257 1 2 1 1.85000002384186 0 0 1 0 1 1 0
