data/grids/anth/RDDENS.asc
NCOLS 822 
NROWS 563 
XLLCORNER -58000 
YLLCORNER 5661000 
CELLSIZE 1000 
NODATA_value -9999 
[rows 320 to 351 of 563, columns 142 to 212 of 822]
1.85000002384186 1 2 1 2.03999996185303 0.449999988079071 1.04999995231628 0 0.550000011920929 0.899999976158142 0 0 0 0 0 0 0 1.36000001430511 1.87999999523163 0.349999994039536 1 0 1.99000000953674 1.10000002384186 0.28999999165535 1 0 0.639999985694885 1.92999994754791 0.159999996423721 0 0 1.08000004291534 0 0 0 0 0 0 0 1.36000001430511 0.159999996423721 0 0 0 0.129999995231628 1.24000000953674 1.17999994754791 0.360000014305115 0.100000001490116 0.920000016689301 0 0 0 1.48000001907349 0 0 0 1 0 0 0 1 0 0 1.00999999046326 0.709999978542328 1.00999999046326 2.29999995231628 1.00999999046326 1.00999999046326
0 0 1 0 0 0 1.05999994277954 0.0399999991059303 0 0.959999978542328 0.230000004172325 0 0 0 0 0 0 1 0 0.889999985694885 3.1800000667572 1.10000002384186 1.11000001430511 0 0 0.879999995231628 2.02999997138977 1.76999998092651 0 1.05999994277954 0 0 1.03999996185303 0 0 0 0 0 0 0 1 0 0.28999999165535 0 0 0 0 0 0 1.04999995231628 0 0.330000013113022 1.75999999046326 1.35000002384186 1.46000003814697 1.07000005245209 0 0 1 0 0 0 1 0 0 1 0 0.310000002384186 2.01999998092651 0.200000002980232 0.620000004768372
0 0 1 0 0 0 0 1.11000001430511 0 0 1.19000005722046 0 0 0 0 0.970000028610229 1.01999998092651 2 1.54999995231628 1.03999996185303 1.10000002384186 2.14000010490417 1.66999995708466 0 0 0.469999998807907 0.819999992847443 1 0 1 0 0 1.02999997138977 1 1 1.52999997138977 1 1 1 1 1.72000002861023 0 0.129999995231628 1.26999998092651 0.579999983310699 0 0 0 0 1.24000000953674 1.74000000953674 1.03999996185303 1.17999994754791 0.490000009536743 0 1.05999994277954 0 0 1 0 0 0 1 0 0 1 0 0.680000007152557 0.870000004768372 1.25999999046326 1.80999994277954
1 1 1.57000005245209 0 0 0 0 1.12999999523163 0 0 0.330000013113022 1.45000004768372 0.119999997317791 1.10000002384186 1.08000004291534 0.490000009536743 0 1 1 0 1.45000004768372 0.0500000007450581 0.600000023841858 1.17999994754791 0.280000001192093 1.10000002384186 0 1.13999998569489 1 2 1 1 1.51999998092651 0.569999992847443 0 0.0500000007450581 0 0.389999985694885 1 1 1.78999996185303 0 0 0 1 0 0 0.0700000002980232 1.13999998569489 2.61999988555908 0.560000002384186 0 0 1.22000002861023 0 0.389999985694885 0.670000016689301 0 1 0 0 0 1 0 0 1 0 0 0 1.1599999666214 1.10000002384186
0 0 1 0 0 0 0 0.109999999403954 0.939999997615814 0 1.27999997138977 4 1.3400000333786 0 0 0.709999978542328 1.21000003814697 2.35999989509583 1.33000004291534 1.37999999523163 1.62999999523163 0 0 0 2.39000010490417 0.759999990463257 0 1.00999999046326 0 1 0 0 0 1.62000000476837 1 1.26999998092651 0.360000014305115 0.610000014305115 0 0 1 0 0 0 1 0 1.11000001430511 1.05999994277954 0 2.5 0 0 0 1 0 0 1.05999994277954 0 1 0 1.12999999523163 1 1.77999997138977 0 0 1.80999994277954 1 1.01999998092651 1.33000004291534 0.100000001490116 2.65000009536743
1 1 2.38000011444092 2.19000005722046 0.109999999403954 0 0 0.829999983310699 0.310000002384186 0.910000026226044 0.25 0 1.20000004768372 0 0 0 0.610000014305115 1.25999999046326 1.1599999666214 0 1 0 0 1.22000002861023 0.0799999982118607 0.430000007152557 1.17999994754791 0.469999998807907 1.02999997138977 1 0 0 0 1.26999998092651 0 0 0 0 0 0.759999990463257 1.86000001430511 0 0 0 1.98000001907349 1.12999999523163 0.0199999995529652 0 0.409999996423721 1.64999997615814 0.479999989271164 0 0 1 0 0 1.07000005245209 0.0399999991059303 1 0 1 0 1.32000005245209 0 0 1 0 0 0 1.60000002384186 1.58000004291534
1 1 2 1.02999997138977 0.330000013113022 0 0 1.10000002384186 0 1.13999998569489 0 0 0.370000004768372 0.810000002384186 0 0 0 1.04999995231628 0.389999985694885 0 1 0 0.930000007152557 0.360000014305115 0 0 0 0.629999995231628 2.13000011444092 1.88999998569489 0.479999989271164 0.790000021457672 0.610000014305115 1.5 0 0 0 0 0 0.0399999991059303 1.08000004291534 1 1 2.01999998092651 0.230000004172325 0 0 0 1.12000000476837 0 1 0.479999989271164 1.10000002384186 1.89999997615814 0 0 0 1.24000000953674 1.88999998569489 0 1.53999996185303 1 0.800000011920929 1.29999995231628 0 1.77999997138977 0 0 0 1.85000002384186 3.0699999332428
0.389999985694885 0 1.03999996185303 0 1.25 0.230000004172325 0 1.03999996185303 0.100000001490116 0.920000016689301 0 0 0 1.3400000333786 0.119999997317791 0 0 0.959999978542328 0 0 1 0.529999971389771 0.660000026226044 0 0 0 0 0 1.04999995231628 0 0.569999992847443 1.30999994277954 1.62000000476837 1.85000002384186 0.810000002384186 0.910000026226044 1.04999995231628 1 2.28999996185303 1.44000005722046 1 0 0 0.300000011920929 1.54999995231628 0.509999990463257 0 0.620000004768372 2.04999995231628 0.300000011920929 0.689999997615814 0.850000023841858 0 1.74000000953674 1 1 1 0.319999992847443 0.610000014305115 2.23000001907349 2.66000008583069 1 1 1.45000004768372 2.67000007629395 2.82999992370605 1 1.5900000333786 1.01999998092651 0.629999995231628 2.00999999046326
1.0900000333786 0 0.519999980926514 0 0 1.12000000476837 0 1.41999995708466 1.01999998092651 0 0 0 0 0 1.1599999666214 0 0 0 0 0 1.75999999046326 1.01999998092651 0 0 0.720000028610229 1.12999999523163 1.02999997138977 1.01999998092651 2.07999992370605 0.209999993443489 0 0 0.150000005960464 1.5900000333786 2.8199999332428 0.949999988079071 0 0 0.0199999995529652 1.22000002861023 2.78999996185303 1.42999994754791 1.29999995231628 0 1.02999997138977 0.319999992847443 1.37999999523163 1.49000000953674 2.25999999046326 1.00999999046326 1.20000004768372 1 1 0.230000004172325 0 0 0 1.73000001907349 1.80999994277954 0.620000004768372 0.430000007152557 1.07000005245209 0 1 0 0 0 0.569999992847443 0 0 0.0500000007450581
1.4099999666214 0 0 0 0 1.10000002384186 0 1.10000002384186 1.01999998092651 0 0 0 0 0 0.699999988079071 0.449999988079071 0 0 0 0 0.689999997615814 1.80999994277954 1.53999996185303 1.03999996185303 0.389999985694885 0 0 0 0.300000011920929 0.829999983310699 1.58000004291534 2.48000001907349 1.44000005722046 0.699999988079071 0.129999995231628 1.77999997138977 1.00999999046326 0.649999976158142 0.660000026226044 2.00999999046326 1.67999994754791 1.28999996185303 0.129999995231628 1.23000001907349 1.62000000476837 0.889999985694885 1 0 1 0 0 0 0 0 0 0.860000014305115 1.14999997615814 2.25 0 0 0 0.280000001192093 1.21000003814697 1 0 0 0 0 0 0 1.11000001430511
0.660000026226044 1.14999997615814 0 0 0 0.25 0.889999985694885 1.02999997138977 1.00999999046326 0 0 0 0 0 0 1.11000001430511 0 0 0 0 0 0 0.889999985694885 0.270000010728836 0 0 0 0 0 0 1.52999997138977 1.02999997138977 2.89000010490417 1.57000005245209 1.27999997138977 1.47000002861023 0 0.800000011920929 1.08000004291534 1.20000004768372 1.36000001430511 1.88999998569489 0.730000019073486 1.30999994277954 2.13000011444092 1.80999994277954 0.829999983310699 0 1 0 0 0 0 0 0 1 1.97000002861023 1.25999999046326 0 0 0.660000026226044 1 1.30999994277954 3.30999994277954 0.759999990463257 0 0 0 0 0.829999983310699 0.270000010728836
0 1.4099999666214 1 0.970000028610229 0 0 1.50999999046326 0.449999988079071 1.86000001430511 0 0 0 0 0 0 0.850000023841858 0.230000004172325 0 0 0 0 0 1.08000004291534 0.270000010728836 0 0 0 0 0 0 0 0 1.48000001907349 0.589999973773956 0.939999997615814 2.04999995231628 0.349999994039536 0.579999983310699 2.04999995231628 1.32000005245209 2.77999997138977 0.0700000002980232 1.37999999523163 0.0500000007450581 1 1 0 0 1 0 0 0 0 0 0.490000009536743 1.36000001430511 0.170000001788139 0.930000007152557 1 1.94000005722046 0.349999994039536 0 1 0.100000001490116 1.01999998092651 0.0900000035762787 0 0 0 1.87000000476837 1.17999994754791
0 1.04999995231628 0 1.02999997138977 1.00999999046326 1.02999997138977 0.469999998807907 1.20000004768372 1.48000001907349 0 0 1.21000003814697 1.03999996185303 1.03999996185303 0 0 1.07000005245209 0 0 0 0 0.649999976158142 1 0 0 0 0 0.550000011920929 0 0 0 1.80999994277954 2.23000001907349 1.12999999523163 0.560000002384186 1.62000000476837 1.64999997615814 1.12999999523163 2.15000009536743 9.06999969482422 7.65999984741211 7.59000015258789 3.29999995231628 1.71000003814697 1.54999995231628 1 0.0199999995529652 1.01999998092651 1.82000005245209 1.21000003814697 0.550000011920929 0 0 0.889999985694885 1.55999994277954 0 0 0 0 1 0 0 1 0 1.41999995708466 1.63999998569489 0 0 0.970000028610229 1.38999998569489 0
0 1.11000001430511 0.259999990463257 0 0 0 0 0 0 0 0 1.02999997138977 0 0.270000010728836 1.11000001430511 0 1.04999995231628 0 0 0 0 0.75 1.21000003814697 0.990000009536743 0.430000007152557 0 0 1 0 0 0 1.00999999046326 1.00999999046326 0.0399999991059303 1.19000005722046 2.14000010490417 1.1599999666214 2.13000011444092 3.80999994277954 11.539999961853 16.5200004577637 10.4099998474121 2.51999998092651 0.560000002384186 2 2.77999997138977 2.0699999332428 0 0.800000011920929 0.340000003576279 0.509999990463257 1.02999997138977 1.03999996185303 0.159999996423721 0.529999971389771 1.13999998569489 0.449999988079071 0 0 1 0 0 1 0 0.25 1.75999999046326 0.140000000596046 0.400000005960464 2.05999994277954 0.389999985694885 0
0.119999997317791 2.20000004768372 1.79999995231628 0.280000001192093 0 0 0 0 0 0 0 1.04999995231628 0 0 1.07000005245209 0 0.769999980926514 1 0.209999993443489 1.01999998092651 0.670000016689301 0 0 1.44000005722046 1.55999994277954 1 1.47000002861023 2.23000001907349 0.330000013113022 0 0 0.860000014305115 1.42999994754791 1.01999998092651 0.200000002980232 1.13999998569489 1.19000005722046 1.28999996185303 2.96000003814697 12.1899995803833 12.0799999237061 10.8400001525879 5.17000007629395 1.37000000476837 2.09999990463257 2.01999998092651 1.24000000953674 0.259999990463257 1.01999998092651 0 0 0 0 0 0 0 0.689999997615814 1.01999998092651 1 2 1.74000000953674 1 1.20000004768372 1 1 2.0699999332428 1.05999994277954 1.86000001430511 0.28999999165535 1.00999999046326 0
0.649999976158142 1.33000004291534 0.589999973773956 2.09999990463257 0.159999996423721 0 0 0 0 0 0.360000014305115 0.720000028610229 0 0 0.0299999993294477 1.0900000333786 0 1.23000001907349 0 0 0.479999989271164 1.12999999523163 1.36000001430511 1.41999995708466 0.670000016689301 0 0 1.37000000476837 0.680000007152557 1.87999999523163 1.66999995708466 0.560000002384186 0.730000019073486 1.01999998092651 1.10000002384186 0.159999996423721 0 1.13999998569489 2.05999994277954 2.52999997138977 3.27999997138977 4.59999990463257 0.600000023841858 0.519999980926514 1.25999999046326 1 2.01999998092651 1.92999994754791 0 0 0 0 0 0 0 0 0 0 0 1 1 0 0 0 0 1.69000005722046 0.920000016689301 0 0 1 0
0 0.340000003576279 1.35000002384186 0.449999988079071 0.680000007152557 0 0 0 0 0.0399999991059303 1.26999998092651 0 0 0 0 1.19000005722046 0 1.12999999523163 0 0 0 0.730000019073486 0.419999986886978 0 0 0 0 1 0 1.33000004291534 0.959999978542328 0.889999985694885 0.579999983310699 0 0 0 0.270000010728836 2.47000002861023 0.579999983310699 0 0.839999973773956 2.17000007629395 0.639999985694885 0 0.0700000002980232 1.70000004768372 1 0.400000005960464 1.20000004768372 0.360000014305115 0 0 0 0 0 0 0 0 0 1.02999997138977 1 0 0 0 0 0.970000028610229 0.300000011920929 0 0 1.00999999046326 0
0 0 0.209999993443489 1.33000004291534 0.910000026226044 0 0 0 0 1.02999997138977 0 0 0 0 0 0.0299999993294477 1.01999998092651 0.280000001192093 0.790000021457672 0 0 1.13999998569489 0 0 0 0 0 1.05999994277954 1.11000001430511 1.1599999666214 0 1 0 0 0 0.400000005960464 1.08000004291534 1.11000001430511 0 0 0 1.52999997138977 1.0900000333786 0 0 0.239999994635582 1.87000000476837 0.439999997615814 0 0.769999980926514 1.05999994277954 0.670000016689301 0 0 0 0 0 0 0 0.389999985694885 1.63999998569489 1 1 1 1.26999998092651 1.00999999046326 2.14000010490417 0.330000013113022 0 1.53999996185303 1.00999999046326
1.02999997138977 1.05999994277954 1.22000002861023 0 0.810000002384186 1 0 0 0 1.74000000953674 0.170000001788139 0 0 0 0 0.379999995231628 0.870000004768372 0 1 0 0 1.63999998569489 1.32000005245209 1.01999998092651 1.63999998569489 1.5900000333786 1.75 2 0 0 0 1 0 0 0.540000021457672 1.60000002384186 0.569999992847443 2.21000003814697 0.850000023841858 0 0.0299999993294477 1.14999997615814 2.42000007629395 0.879999995231628 0 0 0 0.649999976158142 0.910000026226044 0 0 0.479999989271164 1.00999999046326 1.35000002384186 1.78999996185303 0.419999986886978 0 0 0.0900000035762787 1.89999997615814 0.389999985694885 0 0 0 1 0 0 1.1599999666214 0 1.00999999046326 0
0 0 0 0 0 1.57000005245209 1.03999996185303 0 0 1.4099999666214 0 0 0 0 0 0 1.02999997138977 0 1 0 0.0299999993294477 1.33000004291534 0 0.879999995231628 0.670000016689301 0 1.24000000953674 1.1599999666214 0 0 0 1 0 0.670000016689301 0.810000002384186 1.58000004291534 2.51999998092651 0.689999997615814 0 0 0 0.589999973773956 1.4099999666214 1.21000003814697 0 0 0 0.939999997615814 0.970000028610229 1.4099999666214 0.0500000007450581 0 0.620000004768372 0.959999978542328 0 0.709999978542328 1.00999999046326 1.33000004291534 1.20000004768372 0 1.08000004291534 0 0 0 1 0 0 0.439999997615814 0.680000007152557 1.05999994277954 0
0 0 0 0 0 0.860000014305115 1.62999999523163 0.620000004768372 2.46000003814697 1.72000002861023 0.670000016689301 0 0 0 0 0 1.04999995231628 0 1.25999999046326 0 0 1.20000004768372 1.20000004768372 0.699999988079071 0 0 0 1 0 0 0 1 1.10000002384186 2.27999997138977 2.05999994277954 0.5 1 0.660000026226044 0 0 0 0 2.13000011444092 0.170000001788139 1.13999998569489 0 0.660000026226044 0.349999994039536 0 1.00999999046326 0.990000009536743 1.05999994277954 0.649999976158142 0 0 0 0 0 0 0 0.939999997615814 0 0 0 0.0500000007450581 1.0900000333786 0 0 1.1599999666214 0.0399999991059303 1.00999999046326
0 0 0 0 0.439999997615814 1.03999996185303 1.1599999666214 1.14999997615814 2.02999997138977 1.04999995231628 0.419999986886978 0 0 0 0 0 1.01999998092651 0 1.77999997138977 0 0.800000011920929 1.3400000333786 0 0 0 0 0.629999995231628 2.24000000953674 0.370000004768372 0 0 2.44000005722046 1.52999997138977 2.02999997138977 1.41999995708466 0.449999988079071 1.01999998092651 0 0 0.0199999995529652 0.379999995231628 0 0.519999980926514 1.79999995231628 1.62000000476837 1.79999995231628 1.13999998569489 1.00999999046326 1.21000003814697 1.0900000333786 0 0 0.689999997615814 0 0 0 0 0 0 0 0 0 0 0 0 1.0900000333786 0 0 0.219999998807907 1.05999994277954 1.1599999666214
0 0 0 0 1.07000005245209 0 0.990000009536743 1.03999996185303 1.04999995231628 1.98000001907349 0 0 0 0 0 0 1.10000002384186 0 2.65000009536743 2.98000001907349 1.25999999046326 0 0 0 0.0500000007450581 1.80999994277954 1.24000000953674 0 1.01999998092651 0 1.10000002384186 1.38999998569489 0 1 0 0 1.03999996185303 0 0 0 1.02999997138977 0.540000021457672 1.55999994277954 1.16999995708466 0 1.04999995231628 1.95000004768372 0.600000023841858 1.28999996185303 1.12000000476837 1.01999998092651 1.01999998092651 0.180000007152557 0 0 0 0 0 0 0 0.850000023841858 0 0 0 0 1.00999999046326 0 0 0 0.430000007152557 3.09999990463257
0 0 0 0 1.07000005245209 0 0 0 0 0.920000016689301 1.0900000333786 0 0 0 0.910000026226044 1.27999997138977 1.04999995231628 3.17000007629395 1.42999994754791 0.920000016689301 0.280000001192093 2.1800000667572 0.920000016689301 0 0 0.810000002384186 0.639999985694885 0 1.11000001430511 1.27999997138977 0.239999994635582 1 0 1 0 0 0.200000002980232 1.54999995231628 0.0900000035762787 0 0 1.74000000953674 2.03999996185303 0 0 0.560000002384186 2.48000001907349 7.42999982833862 3.51999998092651 0 0 0 0 0 0 0 0 0 0 0.540000021457672 0.730000019073486 0 0 0.170000001788139 1.00999999046326 1.4099999666214 0 0 0 1.00999999046326 0.239999994635582
0 0 0 0 0.920000016689301 0.349999994039536 0 0 0 0 0.649999976158142 1.97000002861023 1.16999995708466 2.64000010490417 0.5 0.550000011920929 2.44000005722046 0.540000021457672 2.74000000953674 0 0 0 1.35000002384186 0 0 0 1.21000003814697 0.930000007152557 2.5 0.0599999986588955 0 1 0 0.319999992847443 1.77999997138977 1.00999999046326 1 1.54999995231628 0 0 0 0.430000007152557 0 0 0 0 1 2.17000007629395 3.75999999046326 0.949999988079071 0.150000005960464 0.46000000834465 0 0 0 0 0 0 0 1.01999998092651 0 0 0 0 0 1.00999999046326 0 0 0.209999993443489 1.82000005245209 0
0 0 0 0 0 1.17999994754791 0 0 0 0 0.449999988079071 1.36000001430511 1.05999994277954 1.22000002861023 2.60999989509583 1.54999995231628 1.76999998092651 0 4.71999979019165 0.159999996423721 0 0.970000028610229 1.1599999666214 1.42999994754791 0 0 0.200000002980232 1.50999999046326 1.0900000333786 0 0 1.82000005245209 1 1.87999999523163 0 0 0 1 0 0 0 0 0 0 0.699999988079071 0.349999994039536 2.13000011444092 2.3199999332428 3.19000005722046 0.920000016689301 1.05999994277954 0.800000011920929 0.629999995231628 0 0 0 0 0 0 1.01999998092651 0 0 0 0 0 1 0 0 1.01999998092651 1.04999995231628 0
0 0 0 0 0 1.08000004291534 0 0 0 0 0.109999999403954 1.42999994754791 0 0 1.16999995708466 0.740000009536743 1.08000004291534 0 0 1.30999994277954 0 0 0.159999996423721 1.39999997615814 1.19000005722046 0.340000003576279 1.14999997615814 0.839999973773956 0.280000001192093 0 0 1.1599999666214 0 1 0 0 0 1.14999997615814 0 0 0 0 0 0 0.670000016689301 2.01999998092651 2.40000009536743 1.54999995231628 1.51999998092651 0.889999985694885 1.73000001907349 0.25 0.439999997615814 1.69000005722046 0.790000021457672 0 0 0 0.300000011920929 0.910000026226044 0 0 0 0 0 1.05999994277954 0 0 1.13999998569489 0.209999993443489 1.17999994754791
0 0 0.519999980926514 0.340000003576279 0.379999995231628 1.1599999666214 0 0 0 0.379999995231628 1.41999995708466 0 0 0 1.33000004291534 0 1.58000004291534 0.870000004768372 0 2.51999998092651 0.920000016689301 0 0 0 1.04999995231628 1.99000000953674 0.209999993443489 1.48000001907349 0 0 0 0.560000002384186 0.560000002384186 1 0 0 0 0.0199999995529652 1.17999994754791 0 0.330000013113022 1.01999998092651 1.03999996185303 1.75 1.04999995231628 1.20000004768372 2.17000007629395 2.90000009536743 2.10999989509583 0.439999997615814 2.75999999046326 0.910000026226044 0 0 0.980000019073486 0.490000009536743 0 0 1.1599999666214 0 0 0 0 0 0.340000003576279 1.83000004291534 1.14999997615814 1.77999997138977 1.46000003814697 1.01999998092651 1.14999997615814
1.02999997138977 1.87000000476837 0.699999988079071 0.769999980926514 1.75999999046326 0.270000010728836 0.600000023841858 1.17999994754791 1.05999994277954 0.720000028610229 0 0 0 0 0.340000003576279 0 0.970000028610229 0.959999978542328 0 0 1.07000005245209 0 0 0.879999995231628 0.839999973773956 2.69000005722046 1.45000004768372 0 0 0 0 0 1.14999997615814 1 0 0 0 0 1.11000001430511 0 1.01999998092651 0 0 0.910000026226044 0.189999997615814 1.00999999046326 1.62000000476837 2.34999990463257 1.3400000333786 1.03999996185303 2.5699999332428 0.790000021457672 1.17999994754791 0 0 0.219999998807907 0 0 1.04999995231628 0 0 0 0 1.25 0.720000028610229 0 1.02999997138977 0 1.00999999046326 0 0
0 0.529999971389771 1.11000001430511 0 0 0.889999985694885 1.5 0.550000011920929 0 0 0 0 0 0 0 0 0 0.959999978542328 0.879999995231628 0 1.0900000333786 0 0 0.0199999995529652 1.05999994277954 2.97000002861023 3.21000003814697 1 1.02999997138977 1 1 1 1.37999999523163 1.75999999046326 0 1.08000004291534 1 1 1.20000004768372 1.02999997138977 1.66999995708466 0.280000001192093 0.589999973773956 0.560000002384186 1.00999999046326 1.62000000476837 1.77999997138977 0.589999973773956 0 1.67999994754791 3.40000009536743 1 0.529999971389771 0 0 0 0.519999980926514 1.00999999046326 0.0500000007450581 0 0 0 1.12000000476837 0.100000001490116 0 0 1.00999999046326 0 1.00999999046326 0 0
0 0 1.0900000333786 0 0 0 0 1.10000002384186 0 0 0 0 0 0 0 0 0 0 0.46000000834465 1.05999994277954 1.37000000476837 0 0 0 0 1.04999995231628 0.810000002384186 1.14999997615814 0 0 0 0 0 0.469999998807907 0.829999983310699 1 0 0 0 0 0 1.80999994277954 2.0699999332428 1.30999994277954 0 0 0.610000014305115 0.439999997615814 1.1599999666214 0.479999989271164 2.40000009536743 2.95000004768372 0 0 0 0 1.16999995708466 1.79999995231628 0.589999973773956 0 0 0.550000011920929 0.850000023841858 0 0 0 0.910000026226044 0 1.36000001430511 0.150000005960464 0.28999999165535
0 0 1.02999997138977 0 0 0 0 1.08000004291534 0 0 0 0 0 0 0 0 0 0 0 0 1.05999994277954 0 0 0 0 0.439999997615814 1.04999995231628 2.50999999046326 1.24000000953674 1.00999999046326 0.560000002384186 0 0 0.589999973773956 2.13000011444092 2.04999995231628 0 0 0 0 0 1.26999998092651 1.04999995231628 0.680000007152557 0.829999983310699 0 0.360000014305115 2.96000003814697 0.800000011920929 0 0 2.28999996185303 0 0 0 0 1.22000002861023 0.0199999995529652 1.10000002384186 0 0.280000001192093 1.75 1.02999997138977 0.400000005960464 0 0 0 0 0 0.949999988079071 1.23000001907349
