data/grids/anth/RDDENS.asc
NCOLS 822 
NROWS 563 
XLLCORNER -58000 
YLLCORNER 5661000 
CELLSIZE 1000 
NODATA_value -9999 
[rows 256 to 287 of 563, columns 426 to 496 of 822]
1.1599999666214 0 0 0 0 0 0 0 0 1 0 0.180000007152557 1.02999997138977 1.00999999046326 1 0.490000009536743 0.439999997615814 2.01999998092651 0.300000011920929 0.310000002384186 1.4099999666214 1.05999994277954 1.79999995231628 0 1 2.01999998092651 1.00999999046326 2.01999998092651 1.72000002861023 1.32000005245209 1.41999995708466 0 2.35999989509583 0.699999988079071 0.790000021457672 0.340000003576279 1.10000002384186 0.0299999993294477 0 0 0 1.39999997615814 0.680000007152557 0 0 0 1 0 1.54999995231628 0 0 0 0 0 0 0 0 0 1.13999998569489 1.01999998092651 0 0 0 3.77999997138977 4.40999984741211 3.00999999046326 0 0.349999994039536 2.01999998092651 1.00999999046326 1.00999999046326
2 1 1.19000005722046 1 1 1 1.24000000953674 1.88999998569489 1 2.01999998092651 0.479999989271164 1.29999995231628 1 1 1 0.0199999995529652 1 0.46000000834465 0.709999978542328 0 0 0 0.140000000596046 1.02999997138977 1.01999998092651 2.03999996185303 1.01999998092651 1.55999994277954 1.00999999046326 0 1.62000000476837 1.00999999046326 1.32000005245209 1.71000003814697 1.21000003814697 1.33000004291534 0.200000002980232 2.26999998092651 0.159999996423721 0.330000013113022 0 2.0699999332428 0 0 0 0 1.12000000476837 1.29999995231628 0.0199999995529652 0 0 0 0 0 0 0 0 0 0.939999997615814 0.629999995231628 0.709999978542328 0 0 2.71000003814697 4.84000015258789 1 0 0 1.00999999046326 0 0
1 0 1 0 0 0 1 1 0 1 0.550000011920929 1.70000004768372 0 0 0 0 1 0 1 0 0 0.899999976158142 0 0.600000023841858 0 1.00999999046326 0 0.379999995231628 1.22000002861023 1.04999995231628 2.03999996185303 0.709999978542328 0 1.54999995231628 0.649999976158142 1.63999998569489 1.41999995708466 1.38999998569489 0.180000007152557 1.12999999523163 1.14999997615814 3.28999996185303 1 1.71000003814697 1.03999996185303 1.01999998092651 1.36000001430511 0.189999997615814 0 0 0 0 0 0 0 0.0399999991059303 0 0 1.12999999523163 1.44000005722046 1.13999998569489 0 0 4.40999984741211 0.730000019073486 0.769999980926514 0 0 1.00999999046326 0 0
2 1 2 1 1 1 2 2 1 2 1 2 1.54999995231628 1 1 1.5900000333786 2 1 2 1 1 2.01999998092651 0.259999990463257 1 0 0.670000016689301 0 0 0 0.280000001192093 0.839999973773956 0.319999992847443 1.02999997138977 1.47000002861023 1.07000005245209 0.180000007152557 1.12000000476837 1.19000005722046 1.86000001430511 1.19000005722046 1.24000000953674 0.490000009536743 1.42999994754791 1.12999999523163 0.239999994635582 0 0 0 0 0 0 0 0 0 0 1.12999999523163 0.970000028610229 1.13999998569489 0 1.35000002384186 2.72000002861023 3.50999999046326 9.77000045776367 4.94000005722046 1.07000005245209 0 0.5 1.00999999046326 1.14999997615814 0 0.620000004768372
1 0 1 0 0 0 1 1 0.0700000002980232 1.4099999666214 0 1 1 0 0 1 1 0 1 0.0199999995529652 0 1.1599999666214 1 2.00999999046326 1 2 1 1 1.01999998092651 2.07999992370605 1.21000003814697 0.0500000007450581 0 0 0 0.879999995231628 2.05999994277954 2.07999992370605 0.200000002980232 0.490000009536743 0.629999995231628 0 1.12999999523163 0 0 0 0 0 0 0 0 0 0 0 0.670000016689301 1.24000000953674 0.170000001788139 1.51999998092651 4.19000005722046 4.59999990463257 4.61999988555908 3.90000009536743 0.930000007152557 1.55999994277954 1.50999999046326 1.00999999046326 1.63999998569489 0.0700000002980232 0.939999997615814 0 1.00999999046326
2 1 2 1 1.35000002384186 1 2 1.60000002384186 1 2 1 2 1.53999996185303 1 1 2 2 1 2 2 1 2 1 2 1 1.4099999666214 0 0 0 1.17999994754791 1.01999998092651 1.52999997138977 1.00999999046326 1.79999995231628 1.00999999046326 0.990000009536743 0 0.899999976158142 0.46000000834465 1.07000005245209 0 0 0.259999990463257 0.879999995231628 0 0 0 0 0 0 0 0 0 0.0599999986588955 2.77999997138977 1.48000001907349 3.41000008583069 1.82000005245209 1.13999998569489 0.790000021457672 1.13999998569489 0 0 1.00999999046326 0 0 1.00999999046326 1.00999999046326 0 0 1.00999999046326
1.05999994277954 0 1 0 1 0 1 0 0 1 0 1 0 0 0 1 1 0 1.00999999046326 1 0 0.310000002384186 0 1 0 1 0 0 0 1 0 0 0 1.03999996185303 1.27999997138977 0.389999985694885 1.22000002861023 0 1.62000000476837 0.689999997615814 0 0 0 1.12999999523163 0 0 0 0 0 0 0 0 1.39999997615814 3.0699999332428 3.72000002861023 3.39000010490417 0 0.759999990463257 1.37999999523163 1.54999995231628 0.25 0 0 1.53999996185303 1.00999999046326 1.00999999046326 2.03999996185303 2.01999998092651 1.00999999046326 1.00999999046326 2.29999995231628
1.64999997615814 1.10000002384186 1.41999995708466 0 1 0 1 0 0 1 0 1.00999999046326 0 0 0 1 1 0 1 1 0 0 0.620000004768372 1.98000001907349 1 1.95000004768372 1.05999994277954 1 1.08000004291534 2 1 1.12000000476837 1 1.29999995231628 0 1.23000001907349 1.14999997615814 0 0.519999980926514 0.560000002384186 0 0 0 0.699999988079071 1.27999997138977 0 0 0 0 0 0.209999993443489 4.36999988555908 3.69000005722046 3.14000010490417 1.28999996185303 0.620000004768372 1.52999997138977 1.51999998092651 0 0 1.23000001907349 0.270000010728836 0 1.00999999046326 0 0 0.430000007152557 1.00999999046326 0.360000014305115 1.17999994754791 0.870000004768372
1.5 0 1.72000002861023 1.89999997615814 1.24000000953674 1 1.21000003814697 0 0 1.53999996185303 1 1.08000004291534 0.109999999403954 0 0 1.85000002384186 2 1.04999995231628 2 1.03999996185303 1 1 0.379999995231628 0 0 0 1 0 1 1.13999998569489 0.360000014305115 1 0 0 0 0.0199999995529652 2.07999992370605 0.370000004768372 1.12000000476837 2.20000004768372 2.23000001907349 1.62000000476837 1.83000004291534 0.550000011920929 1.12999999523163 0 0.180000007152557 0 0.870000004768372 2.20000004768372 3.0699999332428 1.48000001907349 0.180000007152557 0 0.0700000002980232 0.259999990463257 0.769999980926514 1.32000005245209 0 0 0 0.829999983310699 1.71000003814697 1.01999998092651 0 0 0 1.91999995708466 0.839999973773956 0 0.689999997615814
1.51999998092651 0 0.550000011920929 1.17999994754791 0.709999978542328 0 1 0 0 1 0 1 1 0 0 1 1 0 1 0 0 0 0 0 0 0 1 0 1 1 0 1 0 0 0 0 1.01999998092651 1.83000004291534 0.209999993443489 1.08000004291534 0.200000002980232 1.72000002861023 0.649999976158142 0 0.170000001788139 2.25 0.839999973773956 0 4.1399998664856 2.8199999332428 1.4099999666214 0 0 0 0 0 1 1 0 0 0 0 2.69000005722046 1.16999995708466 0 0.119999997317791 1.54999995231628 1.35000002384186 0 0 0
1 0 0 1.22000002861023 0.800000011920929 0.870000004768372 1 0 0 1 0 1.33000004291534 2.32999992370605 1 1 2 1.49000000953674 1 2.04999995231628 1 1 1 1 1 1 1.62000000476837 2.15000009536743 1.04999995231628 2.07999992370605 2 1 2 1 1 1 1 2.03999996185303 1.61000001430511 0.340000003576279 0 1.27999997138977 2.00999999046326 0.810000002384186 1.12999999523163 0.980000019073486 1 0.699999988079071 2.67000007629395 3.9300000667572 1.02999997138977 0.800000011920929 0.959999978542328 0 0 0.610000014305115 1.16999995708466 2.0699999332428 1.0900000333786 1.91999995708466 1.02999997138977 1.24000000953674 0 2.29999995231628 0.889999985694885 0.529999971389771 1.14999997615814 0.699999988079071 2.01999998092651 1.00999999046326 1.63999998569489 1.00999999046326
1 0 0 0 1.24000000953674 0.639999985694885 1.49000000953674 0 0 1 0 0 1 0 0 1.01999998092651 0 0 1 0 0 0 0 0 0 1.50999999046326 1.66999995708466 0 1 1 0 1 0 0 0 0 0.119999997317791 2.34999990463257 2 0 2.17000007629395 3.1800000667572 2.77999997138977 0.150000005960464 0.430000007152557 1.12999999523163 1.9099999666214 1.5900000333786 2.44000005722046 1.12999999523163 1.95000004768372 2.13000011444092 1 1 0.439999997615814 0 1 0 1 0 0.100000001490116 1.73000001907349 3.84999990463257 2.01999998092651 0.720000028610229 0 0 1.00999999046326 0.389999985694885 0.620000004768372 0
1 0 0 0 0.330000013113022 0.889999985694885 1.67999994754791 1.79999995231628 1.00999999046326 2.00999999046326 1 1 2 1 1 1.19000005722046 0.589999973773956 0 1 0 0 0 0 0 0 1 0.46000000834465 1 2 2 1 2 1 1.92999994754791 1 2.20000004768372 1.00999999046326 2.52999997138977 1.5900000333786 3.27999997138977 3.80999994277954 8.52999973297119 4.01999998092651 3.08999991416931 0.699999988079071 0 2.73000001907349 3.44000005722046 1.28999996185303 0 0.870000004768372 0.300000011920929 1.10000002384186 0.930000007152557 0.170000001788139 0.129999995231628 1.74000000953674 0 0.379999995231628 0 0 1.05999994277954 1.00999999046326 1.73000001907349 0.0599999986588955 0 0 1.00999999046326 1.00999999046326 0 0
2 1 1.67999994754791 1 1 1.27999997138977 1.29999995231628 1.80999994277954 0 1 0 0 1 0 0 1 0.319999992847443 1 2 1 1 1.00999999046326 1.00999999046326 1.95000004768372 1 1.50999999046326 0 0 0.270000010728836 1 0 1.00999999046326 0 1 0 0.400000005960464 1.00999999046326 2.40000009536743 1.13999998569489 8.86999988555908 9.32999992370605 11.1000003814697 3.35999989509583 0 0.689999997615814 3.85999989509583 1.54999995231628 0.400000005960464 0.0399999991059303 1.10000002384186 0 1.46000003814697 1.4099999666214 0.300000011920929 0 0 1.29999995231628 0.699999988079071 0 0.0399999991059303 0.239999994635582 1.01999998092651 1.00999999046326 1.00999999046326 0.970000028610229 1.00999999046326 1.00999999046326 2.01999998092651 2.01999998092651 1.00999999046326 1.00999999046326
2 1 2 1.42999994754791 1.23000001907349 0 0 1.69000005722046 0 1 0 0 1 0 0 1 0 0 1 0 0 0 0 1 0 1 0 0 0 1.00999999046326 0 1.00999999046326 0 1.00999999046326 0 0 1.79999995231628 2.79999995231628 4.01000022888184 9.61999988555908 10.8599996566772 3.9300000667572 5.34000015258789 3.17000007629395 3.34999990463257 0.509999990463257 1.02999997138977 0 0 1.64999997615814 1.32000005245209 1.0900000333786 1.62000000476837 1.53999996185303 1.57000005245209 1.46000003814697 0.509999990463257 1.04999995231628 0.219999998807907 1.24000000953674 1.20000004768372 0 1.66999995708466 1.07000005245209 0 0 0.769999980926514 0.239999994635582 1.00999999046326 0 0
1 0 1 1 1.21000003814697 0.610000014305115 0.230000004172325 1.92999994754791 1.8400000333786 1.29999995231628 1 1 1.37000000476837 1.00999999046326 2.21000003814697 1.23000001907349 1.77999997138977 1 1.48000001907349 0 0 0 0 0.870000004768372 1 1.16999995708466 1.12999999523163 0 0 1.00999999046326 0 1.00999999046326 0 1.00999999046326 0.479999989271164 1.10000002384186 2 1 0 5.57000017166138 2.14000010490417 1.86000001430511 2.33999991416931 1.25 0.910000026226044 1.75999999046326 1.12999999523163 0.519999980926514 1.70000004768372 0.639999985694885 1.95000004768372 1.74000000953674 1.14999997615814 0 1 0.800000011920929 0.730000019073486 0 2 0.839999973773956 0 0.740000009536743 1.36000001430511 0.660000026226044 0.479999989271164 0 1.00999999046326 0 1.00999999046326 0 0
2 1 2 1.25 1.75 0.469999998807907 1 1.96000003814697 1.97000002861023 0 0 0 0 0 1 0 1.00999999046326 0 1 0 0 0.0199999995529652 0.439999997615814 0 0 0 1.9099999666214 1.00999999046326 0.00999999977648258 1.01999998092651 0 1.24000000953674 2.82999992370605 2.11999988555908 3.19000005722046 2.88000011444092 3.69000005722046 3.1800000667572 0.600000023841858 5.90999984741211 2.44000005722046 3.0699999332428 1.01999998092651 0.219999998807907 0 1.64999997615814 1.98000001907349 0.670000016689301 1.51999998092651 1.17999994754791 0.0799999982118607 1.07000005245209 0.310000002384186 1.27999997138977 1.11000001430511 0.330000013113022 1.5 2.04999995231628 0.300000011920929 0 0 1.23000001907349 2.02999997138977 1.13999998569489 2.15000009536743 1.00999999046326 2.01999998092651 1.00999999046326 2.01999998092651 0.270000010728836 0
1.35000002384186 1 1.94000005722046 0 1.95000004768372 1.53999996185303 0 0 0.479999989271164 0.550000011920929 0 0 0 0 1 0 1 0 1 0 0 1 0 0 0 0.589999973773956 0.419999986886978 0 1.00999999046326 2.84999990463257 4.01999998092651 3.20000004768372 0.550000011920929 2.49000000953674 1.80999994277954 0 0 0 3.66000008583069 2.36999988555908 0 1.00999999046326 0 1.02999997138977 0.46000000834465 0.180000007152557 0.540000021457672 2.5 0.189999997615814 0 0 0.469999998807907 0 0.0199999995529652 2.63000011444092 1.24000000953674 0 0.349999994039536 1.76999998092651 0.829999983310699 0 1.00999999046326 0 1.0900000333786 0.439999997615814 0.699999988079071 1.00999999046326 0 1.00999999046326 0.740000009536743 1.00999999046326
1 0 1 0 1 0.790000021457672 0.259999990463257 0 0 1.11000001430511 0 0 0 0 1 0 1 0 1 0 0 0.439999997615814 0.560000002384186 0.759999990463257 0 1.14999997615814 1.00999999046326 2.0699999332428 3.98000001907349 4.09000015258789 3.76999998092651 1.02999997138977 2.40000009536743 0 1.00999999046326 0 0 0.959999978542328 0.699999988079071 2 0.00999999977648258 1.00999999046326 0.319999992847443 1.52999997138977 0 0 0.479999989271164 0.100000001490116 1.5 1.46000003814697 0 0 0 1.13999998569489 0 0.980000019073486 0.620000004768372 0 1 0.370000004768372 1.41999995708466 1.02999997138977 0 1.08000004291534 0.330000013113022 2.15000009536743 2.01999998092651 1.00999999046326 2.01999998092651 0.270000010728836 0
2 1 2 1 1.10000002384186 0.990000009536743 0.0199999995529652 1.01999998092651 1 2.00999999046326 1.41999995708466 0 0 0 1.11000001430511 1 2 1 2.07999992370605 1 1 1 2 1.14999997615814 1.86000001430511 2.51999998092651 3.27999997138977 2.84999990463257 0.720000028610229 1.27999997138977 3.59999990463257 2.25 1.00999999046326 1.00999999046326 1.32000005245209 0 0.400000005960464 0.689999997615814 0 1.02999997138977 0.180000007152557 1.05999994277954 0 0.970000028610229 0.300000011920929 1 0 0 1.29999995231628 1.51999998092651 1 0.970000028610229 0 1.04999995231628 0 0 1.50999999046326 0 1 0 0.180000007152557 0.839999973773956 0 0.629999995231628 0.419999986886978 0.219999998807907 2.03999996185303 0.0500000007450581 0.970000028610229 0 0
1.39999997615814 0 1 0 1 0.469999998807907 0.529999971389771 1 0 1.12999999523163 1.12000000476837 0 0 0 1.00999999046326 0 1.00999999046326 0.270000010728836 0.75 0.629999995231628 0 0 1 2.09999990463257 2.59999990463257 2 0 1.00999999046326 1.00999999046326 0 1.57000005245209 0.720000028610229 0 0 1.00999999046326 0 1.12000000476837 0 0 1.01999998092651 0 1.10000002384186 0 0 1.5900000333786 0.829999983310699 0 1.25999999046326 0.0399999991059303 1 0 0.119999997317791 1.01999998092651 1.70000004768372 0.870000004768372 0 1.20000004768372 0 0.469999998807907 0.819999992847443 0 1.22000002861023 0 1.77999997138977 1.03999996185303 0 1.39999997615814 1.02999997138977 2.09999990463257 1.00999999046326 0.189999997615814
0.629999995231628 1 2.00999999046326 1 1.99000000953674 1 2 1.64999997615814 1 1 3.20000004768372 0.670000016689301 0 0 1.3400000333786 1.00999999046326 1.41999995708466 1.97000002861023 0.889999985694885 1.00999999046326 0.119999997317791 2.19000005722046 2.65000009536743 1.41999995708466 0 1.00999999046326 0 1.87999999523163 1.75 1.19000005722046 1.49000000953674 0 0 0.449999988079071 0.569999992847443 0.219999998807907 0.930000007152557 0 0.129999995231628 1.00999999046326 0.610000014305115 1.03999996185303 1.42999994754791 0 0 0.759999990463257 1.63999998569489 0.28999999165535 0 0.910000026226044 1 1.24000000953674 0.649999976158142 0 0.25 1.83000004291534 1.80999994277954 0 0 0.00999999977648258 0 0.970000028610229 1.9099999666214 2.29999995231628 1.10000002384186 1.91999995708466 1.26999998092651 0 1.49000000953674 0 0
0 0 1 0 1 0 1 0 0 0.259999990463257 0.970000028610229 0.330000013113022 1 1 2.04999995231628 1.08000004291534 0.839999973773956 2.91000008583069 1.79999995231628 3.58999991416931 2.83999991416931 1.69000005722046 1.00999999046326 2.02999997138977 1.00999999046326 1.89999997615814 1.00999999046326 2.00999999046326 1.00999999046326 1.63999998569489 2.11999988555908 0.140000000596046 0 1.00999999046326 0 1.07000005245209 0 0 1.72000002861023 1.75999999046326 0 0 1.11000001430511 0 0 0 0.509999990463257 2.08999991416931 0.550000011920929 0 0 1 0 0 0.389999985694885 2.0699999332428 0.860000014305115 1.58000004291534 1.9099999666214 0.150000005960464 1.04999995231628 1.28999996185303 0.270000010728836 1.04999995231628 0.920000016689301 0.490000009536743 0.639999985694885 0 1.22000002861023 0 0
0 0 1 0 1 0 1 0 0 1.25999999046326 0 0.0799999982118607 0 0 1.00999999046326 0.389999985694885 3.82999992370605 6.76000022888184 5.15999984741211 1.11000001430511 0 1.01999998092651 0 1.01999998092651 0.170000001788139 0.850000023841858 0 1.00999999046326 0 0 0.140000000596046 2.03999996185303 0 1.0900000333786 1.1599999666214 0.670000016689301 0 1.1599999666214 0.180000007152557 1.00999999046326 0 0.430000007152557 1.16999995708466 1.10000002384186 0 0 1.97000002861023 0.159999996423721 0.600000023841858 0.569999992847443 0 0.119999997317791 0 0 0.759999990463257 0.389999985694885 2.46000003814697 0.910000026226044 0.239999994635582 2.19000005722046 1.01999998092651 0 0 1.01999998092651 0 0 1.03999996185303 0 1.02999997138977 0 0
1 1.00999999046326 2 1.00999999046326 2 1 1.04999995231628 0 0.959999978542328 1.25 0.740000009536743 0.620000004768372 1.00999999046326 1.01999998092651 0.709999978542328 0.800000011920929 4.92000007629395 3.99000000953674 3.35999989509583 0.680000007152557 2.0699999332428 1.37000000476837 1.00999999046326 2.02999997138977 1.91999995708466 1.00999999046326 1.00999999046326 1.16999995708466 0 0 1.00999999046326 0.360000014305115 1.22000002861023 1.70000004768372 0 0 1 0.340000003576279 0 0.490000009536743 0.540000021457672 0 0 1.10000002384186 0 0 1.00999999046326 1.04999995231628 1.12000000476837 0 0 0 0 0 1.14999997615814 0 0.5 2.15000009536743 0 0 1.0900000333786 0 0 1.85000002384186 0.579999983310699 0 0.360000014305115 0 0.620000004768372 1.0900000333786 0
1 1.00999999046326 2 1 1.32000005245209 0 1 0.449999988079071 0.779999971389771 0 0.479999989271164 1.22000002861023 0.0399999991059303 0 0.860000014305115 3.52999997138977 2.32999992370605 0.209999993443489 0.949999988079071 1.89999997615814 2.47000002861023 1.21000003814697 1.01999998092651 1.03999996185303 1.32000005245209 0.540000021457672 0 0 0 0 1.00999999046326 0 0 1.77999997138977 1.24000000953674 0.959999978542328 0.5 0 0 0 1.00999999046326 0 0.170000001788139 1.32000005245209 1.80999994277954 1.49000000953674 0.519999980926514 0 1.20000004768372 1.14999997615814 0.620000004768372 0 0.349999994039536 1.24000000953674 0.109999999403954 0 1.19000005722046 0.280000001192093 1.42999994754791 0 0.699999988079071 0.349999994039536 0 0 1.67999994754791 0.810000002384186 0 0 0 0.109999999403954 0.850000023841858
0 0 1.01999998092651 0 1 0 1 1.80999994277954 0 0 0 0 1.17999994754791 0.569999992847443 3.70000004768372 1.02999997138977 0.109999999403954 0.699999988079071 0.779999971389771 0.430000007152557 0.870000004768372 1.17999994754791 1.00999999046326 0 1.00999999046326 0 0 0 0 0 1.41999995708466 1.00999999046326 1.00999999046326 1.42999994754791 0.680000007152557 2.23000001907349 0.980000019073486 0 0 0 1.70000004768372 0.5 0 0 1.30999994277954 1.00999999046326 0 0 1.01999998092651 0 1.05999994277954 0.389999985694885 0.990000009536743 0 0 0.660000026226044 0.439999997615814 0 1.00999999046326 0 0 1.00999999046326 0 0 1.03999996185303 0.810000002384186 0.370000004768372 0 0 0 0.0599999986588955
1 1.11000001430511 1 0.529999971389771 1.3400000333786 0 2.98000001907349 1.13999998569489 1.22000002861023 1 0.159999996423721 0 0 3.03999996185303 2.07999992370605 1.41999995708466 0 0 2.21000003814697 0 1.11000001430511 1.49000000953674 2.77999997138977 1.25 1.47000002861023 0 0 0 0 0 0.639999985694885 0.389999985694885 0.00999999977648258 2.44000005722046 0.930000007152557 1.00999999046326 0.0500000007450581 1.1599999666214 1.00999999046326 1.00999999046326 1.87000000476837 0 0 0 0.689999997615814 1.6599999666214 0 0 1.00999999046326 0.270000010728836 1.08000004291534 1.73000001907349 0 0 0 1.07000005245209 0 0 1.08000004291534 0 0 1.00999999046326 0 0 1.00999999046326 0 1.14999997615814 0 0 0 0
0 1 1 0 1 0.649999976158142 0.870000004768372 1.39999997615814 0.239999994635582 1.97000002861023 0.75 0 0.870000004768372 1.58000004291534 1.41999995708466 0.0199999995529652 0 0 1.01999998092651 0 1.01999998092651 0.360000014305115 1.66999995708466 0.879999995231628 0 0 0 0 0 0 1.02999997138977 0 1.25 1.80999994277954 0.209999993443489 1.12000000476837 0 0 0 0 1.17999994754791 0.850000023841858 0 0 0 1.71000003814697 0 0 0.949999988079071 0.430000007152557 0.389999985694885 2.16000008583069 0.0500000007450581 0 0 0.589999973773956 0.600000023841858 0 1.13999998569489 0 0 1.02999997138977 0 0 1.03999996185303 0 0.469999998807907 0.720000028610229 0 0 0
0 0.540000021457672 1.13999998569489 1 1.48000001907349 1.10000002384186 0 0.529999971389771 2.39000010490417 0 0.469999998807907 1.28999996185303 3.11999988555908 1.23000001907349 0.990000009536743 1.12000000476837 0 0 0.639999985694885 0.409999996423721 0 1.10000002384186 1.00999999046326 0 0 0 0 0 0 1.3400000333786 1.5900000333786 1.42999994754791 2.1800000667572 0 1.12999999523163 0 0 0 0 0 1.48000001907349 0 0 0 0 0.600000023841858 0.5 0 0.589999973773956 0.449999988079071 0 1.00999999046326 0 0 0 1.12999999523163 0 0 1.04999995231628 0 0 1.05999994277954 0 0.730000019073486 0.159999996423721 0 0 1.07000005245209 0.119999997317791 0 0.25
0 0 0.449999988079071 1 2.8199999332428 0 0 0.930000007152557 0.349999994039536 1.22000002861023 0.46000000834465 4.51000022888184 1.73000001907349 1.99000000953674 0.430000007152557 0.850000023841858 0.340000003576279 0 0 1.03999996185303 0 1.03999996185303 1.10000002384186 0 0 0 0 0.00999999977648258 1.41999995708466 0.140000000596046 1.36000001430511 0.100000001490116 1.12000000476837 0 0 0 0 0 0 0.25 1.13999998569489 0.889999985694885 0 0 0 0 1.64999997615814 1.00999999046326 0.839999973773956 1.04999995231628 0 1.04999995231628 0 0 0 1.04999995231628 0 0 0.939999997615814 0 0 1.07000005245209 0 0 0 0 0 0 1.05999994277954 0 1.11000001430511
0.939999997615814 0 0 0 1.17999994754791 1.22000002861023 0.759999990463257 0.810000002384186 0 0.0599999986588955 4.30000019073486 2.91000008583069 1.78999996185303 1.0900000333786 0.129999995231628 0 1.17999994754791 0 0 1.01999998092651 0 0.790000021457672 0.790000021457672 0.730000019073486 0 0 0 0.589999973773956 0 1.17999994754791 0.0799999982118607 0 1.01999998092651 0 0 0 0 0 0 1.0900000333786 0 1.98000001907349 0.0599999986588955 0 0 0.0700000002980232 1.87999999523163 0 0.180000007152557 2.05999994277954 1.01999998092651 2.10999989509583 0.980000019073486 0 0 1.10000002384186 0 0 0 0 0 0.180000007152557 0.910000026226044 0 0 0 0 0 1.11000001430511 0.430000007152557 0.340000003576279
